name;suspiciousness_value
org.apache.commons.math.optimization.linear$SimplexTableau#dropPhase1Objective():347;0.25
org.apache.commons.math.optimization.linear$SimplexSolver#solvePhase1(org.apache.commons.math.optimization.linear.SimplexTableau):181;0.25
org.apache.commons.math.optimization.linear$SimplexTableau#dropPhase1Objective():332;0.24253562503633297
org.apache.commons.math.optimization.linear$SimplexTableau#dropPhase1Objective():333;0.24253562503633297
org.apache.commons.math.optimization.linear$SimplexTableau#dropPhase1Objective():336;0.24253562503633297
org.apache.commons.math.optimization.linear$SimplexTableau#dropPhase1Objective():337;0.24253562503633297
org.apache.commons.math.optimization.linear$SimplexTableau#dropPhase1Objective():338;0.24253562503633297
org.apache.commons.math.optimization.linear$SimplexTableau#dropPhase1Objective():344;0.24253562503633297
org.apache.commons.math.optimization.linear$SimplexTableau#dropPhase1Objective():345;0.24253562503633297
org.apache.commons.math.optimization.linear$SimplexTableau#dropPhase1Objective():346;0.24253562503633297
org.apache.commons.math.optimization.linear$SimplexTableau#dropPhase1Objective():351;0.24253562503633297
org.apache.commons.math.optimization.linear$SimplexTableau#dropPhase1Objective():352;0.24253562503633297
org.apache.commons.math.optimization.linear$SimplexTableau#dropPhase1Objective():353;0.24253562503633297
org.apache.commons.math.optimization.linear$SimplexTableau#dropPhase1Objective():354;0.24253562503633297
org.apache.commons.math.optimization.linear$SimplexTableau#dropPhase1Objective():355;0.24253562503633297
org.apache.commons.math.optimization.linear$SimplexTableau#dropPhase1Objective():356;0.24253562503633297
org.apache.commons.math.optimization.linear$SimplexTableau#dropPhase1Objective():361;0.24253562503633297
org.apache.commons.math.optimization.linear$SimplexTableau#dropPhase1Objective():362;0.24253562503633297
org.apache.commons.math.optimization.linear$SimplexTableau#dropPhase1Objective():365;0.24253562503633297
org.apache.commons.math.optimization.linear$SimplexTableau#dropPhase1Objective():366;0.24253562503633297
org.apache.commons.math.optimization.linear$SimplexTableau#dropPhase1Objective():367;0.24253562503633297
org.apache.commons.math.optimization.linear$SimplexSolver#solvePhase1(org.apache.commons.math.optimization.linear.SimplexTableau):174;0.23570226039551587
org.apache.commons.math.optimization.linear$LinearObjectiveFunction#getValue(double[]):92;0.22941573387056174
org.apache.commons.math.optimization.linear$SimplexTableau#getBasicRow(int):317;0.22941573387056174
org.apache.commons.math.optimization.linear$SimplexTableau#getBasicRow(int):320;0.22941573387056174
org.apache.commons.math.optimization.linear$SimplexTableau#getSolution():397;0.22941573387056174
org.apache.commons.math.optimization.linear$SimplexTableau#getSolution():398;0.22941573387056174
org.apache.commons.math.optimization.linear$SimplexTableau#getSolution():399;0.22941573387056174
org.apache.commons.math.optimization.linear$SimplexTableau#getSolution():401;0.22941573387056174
org.apache.commons.math.optimization.linear$SimplexTableau#getSolution():402;0.22941573387056174
org.apache.commons.math.optimization.linear$SimplexTableau#getSolution():403;0.22941573387056174
org.apache.commons.math.optimization.linear$SimplexTableau#getSolution():404;0.22941573387056174
org.apache.commons.math.optimization.linear$SimplexTableau#getSolution():405;0.22941573387056174
org.apache.commons.math.optimization.linear$SimplexTableau#getSolution():409;0.22941573387056174
org.apache.commons.math.optimization.linear$SimplexTableau#getSolution():413;0.22941573387056174
org.apache.commons.math.optimization.linear$SimplexTableau#getSolution():418;0.22941573387056174
org.apache.commons.math.optimization.linear$SimplexTableau#getSolution():419;0.22941573387056174
org.apache.commons.math.optimization.linear$SimplexTableau#getSolution():424;0.22941573387056174
org.apache.commons.math.optimization.linear$SimplexSolver#solvePhase1(org.apache.commons.math.optimization.linear.SimplexTableau):173;0.22941573387056174
org.apache.commons.math.optimization.linear$SimplexSolver#solvePhase1(org.apache.commons.math.optimization.linear.SimplexTableau):178;0.22941573387056174
org.apache.commons.math.optimization.linear$SimplexSolver#doOptimize():197;0.22941573387056174
org.apache.commons.math.util$Precision#compareTo(double,double,int):92;0.22360679774997896
org.apache.commons.math.optimization.linear$SimplexSolver#doOptimize():192;0.22360679774997896
org.apache.commons.math.optimization.linear$SimplexSolver#doOptimize():194;0.22360679774997896
org.apache.commons.math.optimization.linear$SimplexTableau#getBasicRow(int):311;0.2182178902359924
org.apache.commons.math.optimization.linear$SimplexTableau#getBasicRow(int):312;0.2182178902359924
org.apache.commons.math.optimization.linear$SimplexTableau#getBasicRow(int):313;0.2182178902359924
org.apache.commons.math.optimization.linear$SimplexTableau#getBasicRow(int):314;0.2182178902359924
org.apache.commons.math.optimization.linear$SimplexTableau#getBasicRow(int):315;0.2182178902359924
org.apache.commons.math.optimization.linear$SimplexTableau#getBasicRow(int):316;0.2182178902359924
org.apache.commons.math.optimization.linear$SimplexTableau#dropPhase1Objective():328;0.2182178902359924
org.apache.commons.math.optimization.linear$SimplexTableau#isOptimal():385;0.2182178902359924
org.apache.commons.math.optimization.linear$SimplexTableau#divideRow(int,double):437;0.2182178902359924
org.apache.commons.math.optimization.linear$SimplexTableau#divideRow(int,double):438;0.2182178902359924
org.apache.commons.math.optimization.linear$SimplexTableau#divideRow(int,double):440;0.2182178902359924
org.apache.commons.math.optimization.linear$SimplexTableau#subtractRow(int,int,double):454;0.2182178902359924
org.apache.commons.math.optimization.linear$SimplexTableau#subtractRow(int,int,double):456;0.2182178902359924
org.apache.commons.math.optimization.linear$AbstractLinearOptimizer#incrementIterationsCounter():98;0.2182178902359924
org.apache.commons.math.optimization.linear$AbstractLinearOptimizer#incrementIterationsCounter():101;0.2182178902359924
org.apache.commons.math.optimization.linear$SimplexSolver#getPivotColumn(org.apache.commons.math.optimization.linear.SimplexTableau):70;0.2182178902359924
org.apache.commons.math.optimization.linear$SimplexSolver#getPivotColumn(org.apache.commons.math.optimization.linear.SimplexTableau):71;0.2182178902359924
org.apache.commons.math.optimization.linear$SimplexSolver#getPivotColumn(org.apache.commons.math.optimization.linear.SimplexTableau):72;0.2182178902359924
org.apache.commons.math.optimization.linear$SimplexSolver#getPivotColumn(org.apache.commons.math.optimization.linear.SimplexTableau):73;0.2182178902359924
org.apache.commons.math.optimization.linear$SimplexSolver#getPivotColumn(org.apache.commons.math.optimization.linear.SimplexTableau):74;0.2182178902359924
org.apache.commons.math.optimization.linear$SimplexSolver#getPivotColumn(org.apache.commons.math.optimization.linear.SimplexTableau):75;0.2182178902359924
org.apache.commons.math.optimization.linear$SimplexSolver#getPivotColumn(org.apache.commons.math.optimization.linear.SimplexTableau):76;0.2182178902359924
org.apache.commons.math.optimization.linear$SimplexSolver#getPivotColumn(org.apache.commons.math.optimization.linear.SimplexTableau):79;0.2182178902359924
org.apache.commons.math.optimization.linear$SimplexSolver#getPivotRow(org.apache.commons.math.optimization.linear.SimplexTableau,int):90;0.2182178902359924
org.apache.commons.math.optimization.linear$SimplexSolver#getPivotRow(org.apache.commons.math.optimization.linear.SimplexTableau,int):91;0.2182178902359924
org.apache.commons.math.optimization.linear$SimplexSolver#getPivotRow(org.apache.commons.math.optimization.linear.SimplexTableau,int):92;0.2182178902359924
org.apache.commons.math.optimization.linear$SimplexSolver#getPivotRow(org.apache.commons.math.optimization.linear.SimplexTableau,int):93;0.2182178902359924
org.apache.commons.math.optimization.linear$SimplexSolver#getPivotRow(org.apache.commons.math.optimization.linear.SimplexTableau,int):94;0.2182178902359924
org.apache.commons.math.optimization.linear$SimplexSolver#getPivotRow(org.apache.commons.math.optimization.linear.SimplexTableau,int):96;0.2182178902359924
org.apache.commons.math.optimization.linear$SimplexSolver#getPivotRow(org.apache.commons.math.optimization.linear.SimplexTableau,int):97;0.2182178902359924
org.apache.commons.math.optimization.linear$SimplexSolver#getPivotRow(org.apache.commons.math.optimization.linear.SimplexTableau,int):98;0.2182178902359924
org.apache.commons.math.optimization.linear$SimplexSolver#getPivotRow(org.apache.commons.math.optimization.linear.SimplexTableau,int):99;0.2182178902359924
org.apache.commons.math.optimization.linear$SimplexSolver#getPivotRow(org.apache.commons.math.optimization.linear.SimplexTableau,int):101;0.2182178902359924
org.apache.commons.math.optimization.linear$SimplexSolver#getPivotRow(org.apache.commons.math.optimization.linear.SimplexTableau,int):102;0.2182178902359924
org.apache.commons.math.optimization.linear$SimplexSolver#getPivotRow(org.apache.commons.math.optimization.linear.SimplexTableau,int):103;0.2182178902359924
org.apache.commons.math.optimization.linear$SimplexSolver#getPivotRow(org.apache.commons.math.optimization.linear.SimplexTableau,int):104;0.2182178902359924
org.apache.commons.math.optimization.linear$SimplexSolver#getPivotRow(org.apache.commons.math.optimization.linear.SimplexTableau,int):109;0.2182178902359924
org.apache.commons.math.optimization.linear$SimplexSolver#getPivotRow(org.apache.commons.math.optimization.linear.SimplexTableau,int):111;0.2182178902359924
org.apache.commons.math.optimization.linear$SimplexSolver#getPivotRow(org.apache.commons.math.optimization.linear.SimplexTableau,int):125;0.2182178902359924
org.apache.commons.math.optimization.linear$SimplexSolver#doIteration(org.apache.commons.math.optimization.linear.SimplexTableau):137;0.2182178902359924
org.apache.commons.math.optimization.linear$SimplexSolver#doIteration(org.apache.commons.math.optimization.linear.SimplexTableau):139;0.2182178902359924
org.apache.commons.math.optimization.linear$SimplexSolver#doIteration(org.apache.commons.math.optimization.linear.SimplexTableau):140;0.2182178902359924
org.apache.commons.math.optimization.linear$SimplexSolver#doIteration(org.apache.commons.math.optimization.linear.SimplexTableau):141;0.2182178902359924
org.apache.commons.math.optimization.linear$SimplexSolver#doIteration(org.apache.commons.math.optimization.linear.SimplexTableau):146;0.2182178902359924
org.apache.commons.math.optimization.linear$SimplexSolver#doIteration(org.apache.commons.math.optimization.linear.SimplexTableau):147;0.2182178902359924
org.apache.commons.math.optimization.linear$SimplexSolver#doIteration(org.apache.commons.math.optimization.linear.SimplexTableau):150;0.2182178902359924
org.apache.commons.math.optimization.linear$SimplexSolver#doIteration(org.apache.commons.math.optimization.linear.SimplexTableau):151;0.2182178902359924
org.apache.commons.math.optimization.linear$SimplexSolver#doIteration(org.apache.commons.math.optimization.linear.SimplexTableau):152;0.2182178902359924
org.apache.commons.math.optimization.linear$SimplexSolver#doIteration(org.apache.commons.math.optimization.linear.SimplexTableau):153;0.2182178902359924
org.apache.commons.math.optimization.linear$SimplexSolver#doIteration(org.apache.commons.math.optimization.linear.SimplexTableau):156;0.2182178902359924
org.apache.commons.math.optimization.linear$SimplexTableau#initializeColumnLabels():155;0.21320071635561041
org.apache.commons.math.optimization.linear$SimplexTableau#initializeColumnLabels():168;0.21320071635561041
org.apache.commons.math.optimization.linear$SimplexTableau#createTableau(boolean):188;0.21320071635561041
org.apache.commons.math.optimization.linear$SimplexTableau#createTableau(boolean):225;0.21320071635561041
org.apache.commons.math.optimization.linear$SimplexTableau#createTableau(boolean):232;0.21320071635561041
org.apache.commons.math.optimization.linear$SimplexTableau#createTableau(boolean):233;0.21320071635561041
org.apache.commons.math.optimization.linear$SimplexTableau#createTableau(boolean):234;0.21320071635561041
org.apache.commons.math.optimization.linear$SimplexTableau#getArtificialVariableOffset():506;0.21320071635561041
org.apache.commons.math.optimization.linear$SimplexTableau#getRhsOffset():514;0.21320071635561041
org.apache.commons.math.util$Precision#compareTo(double,double,double):68;0.20851441405707477
org.apache.commons.math.util$Precision#compareTo(double,double,int):91;0.20851441405707477
org.apache.commons.math.util$Precision#compareTo(double,double,int):93;0.20851441405707477
org.apache.commons.math.util$Precision#compareTo(double,double,int):94;0.20851441405707477
org.apache.commons.math.util$Precision#compareTo(double,double,int):96;0.20851441405707477
org.apache.commons.math.optimization.linear$SimplexTableau#isOptimal():382;0.20851441405707477
org.apache.commons.math.optimization.linear$SimplexTableau#isOptimal():383;0.20851441405707477
org.apache.commons.math.optimization.linear$SimplexTableau#isOptimal():384;0.20851441405707477
org.apache.commons.math.optimization.linear$SimplexTableau#isOptimal():388;0.20851441405707477
org.apache.commons.math.optimization.linear$SimplexTableau#getHeight():471;0.20851441405707477
org.apache.commons.math.optimization.linear$AbstractLinearOptimizer#AbstractLinearOptimizer():73;0.20851441405707477
org.apache.commons.math.optimization.linear$AbstractLinearOptimizer#AbstractLinearOptimizer():74;0.20851441405707477
org.apache.commons.math.optimization.linear$AbstractLinearOptimizer#AbstractLinearOptimizer():75;0.20851441405707477
org.apache.commons.math.optimization.linear$AbstractLinearOptimizer#setMaxIterations(int):79;0.20851441405707477
org.apache.commons.math.optimization.linear$AbstractLinearOptimizer#setMaxIterations(int):80;0.20851441405707477
org.apache.commons.math.optimization.linear$AbstractLinearOptimizer#optimize(org.apache.commons.math.optimization.linear.LinearObjectiveFunction,java.util.Collection,org.apache.commons.math.optimization.GoalType,boolean):110;0.20851441405707477
org.apache.commons.math.optimization.linear$AbstractLinearOptimizer#optimize(org.apache.commons.math.optimization.linear.LinearObjectiveFunction,java.util.Collection,org.apache.commons.math.optimization.GoalType,boolean):111;0.20851441405707477
org.apache.commons.math.optimization.linear$AbstractLinearOptimizer#optimize(org.apache.commons.math.optimization.linear.LinearObjectiveFunction,java.util.Collection,org.apache.commons.math.optimization.GoalType,boolean):112;0.20851441405707477
org.apache.commons.math.optimization.linear$AbstractLinearOptimizer#optimize(org.apache.commons.math.optimization.linear.LinearObjectiveFunction,java.util.Collection,org.apache.commons.math.optimization.GoalType,boolean):113;0.20851441405707477
org.apache.commons.math.optimization.linear$AbstractLinearOptimizer#optimize(org.apache.commons.math.optimization.linear.LinearObjectiveFunction,java.util.Collection,org.apache.commons.math.optimization.GoalType,boolean):115;0.20851441405707477
org.apache.commons.math.optimization.linear$AbstractLinearOptimizer#optimize(org.apache.commons.math.optimization.linear.LinearObjectiveFunction,java.util.Collection,org.apache.commons.math.optimization.GoalType,boolean):118;0.20851441405707477
org.apache.commons.math.optimization.linear$SimplexSolver#SimplexSolver():51;0.20851441405707477
org.apache.commons.math.optimization.linear$SimplexSolver#SimplexSolver():52;0.20851441405707477
org.apache.commons.math.optimization.linear$SimplexSolver#SimplexSolver(double,int):59;0.20851441405707477
org.apache.commons.math.optimization.linear$SimplexSolver#SimplexSolver(double,int):60;0.20851441405707477
org.apache.commons.math.optimization.linear$SimplexSolver#SimplexSolver(double,int):61;0.20851441405707477
org.apache.commons.math.optimization.linear$SimplexSolver#SimplexSolver(double,int):62;0.20851441405707477
org.apache.commons.math.optimization.linear$SimplexSolver#solvePhase1(org.apache.commons.math.optimization.linear.SimplexTableau):169;0.20851441405707477
org.apache.commons.math.optimization.linear$SimplexSolver#doOptimize():187;0.20851441405707477
org.apache.commons.math.optimization.linear$SimplexSolver#doOptimize():191;0.20851441405707477
org.apache.commons.math.util$Precision#compareTo(double,double,double):66;0.20412414523193154
org.apache.commons.math.util$Precision#compareTo(double,double,double):70;0.20412414523193154
org.apache.commons.math.optimization.linear$SimplexTableau#getWidth():463;0.20412414523193154
org.apache.commons.math.optimization.linear$SimplexTableau#getEntry(int,int):480;0.20412414523193154
org.apache.commons.math.util$Precision#compareTo(double,double,double):65;0.2
org.apache.commons.math.util$Precision#compareTo(double,double,double):67;0.2
org.apache.commons.math.optimization.linear$SimplexTableau#normalize(org.apache.commons.math.optimization.linear.LinearConstraint):265;0.2
org.apache.commons.math.util$Precision#equals(double,double,double):241;0.19245008972987526
org.apache.commons.math.optimization.linear$LinearObjectiveFunction#LinearObjectiveFunction(double[],double):58;0.19245008972987526
org.apache.commons.math.optimization.linear$LinearObjectiveFunction#LinearObjectiveFunction(double[],double):59;0.19245008972987526
org.apache.commons.math.optimization.linear$LinearObjectiveFunction#LinearObjectiveFunction(org.apache.commons.math.linear.RealVector,double):65;0.19245008972987526
org.apache.commons.math.optimization.linear$LinearObjectiveFunction#LinearObjectiveFunction(org.apache.commons.math.linear.RealVector,double):66;0.19245008972987526
org.apache.commons.math.optimization.linear$LinearObjectiveFunction#LinearObjectiveFunction(org.apache.commons.math.linear.RealVector,double):67;0.19245008972987526
org.apache.commons.math.optimization.linear$LinearObjectiveFunction#LinearObjectiveFunction(org.apache.commons.math.linear.RealVector,double):68;0.19245008972987526
org.apache.commons.math.optimization.linear$LinearObjectiveFunction#getCoefficients():75;0.19245008972987526
org.apache.commons.math.optimization.linear$LinearObjectiveFunction#getConstantTerm():83;0.19245008972987526
org.apache.commons.math.optimization.linear$LinearConstraint#LinearConstraint(double[],org.apache.commons.math.optimization.linear.Relationship,double):81;0.19245008972987526
org.apache.commons.math.optimization.linear$LinearConstraint#LinearConstraint(double[],org.apache.commons.math.optimization.linear.Relationship,double):82;0.19245008972987526
org.apache.commons.math.optimization.linear$LinearConstraint#LinearConstraint(org.apache.commons.math.linear.RealVector,org.apache.commons.math.optimization.linear.Relationship,double):99;0.19245008972987526
org.apache.commons.math.optimization.linear$LinearConstraint#LinearConstraint(org.apache.commons.math.linear.RealVector,org.apache.commons.math.optimization.linear.Relationship,double):100;0.19245008972987526
org.apache.commons.math.optimization.linear$LinearConstraint#LinearConstraint(org.apache.commons.math.linear.RealVector,org.apache.commons.math.optimization.linear.Relationship,double):101;0.19245008972987526
org.apache.commons.math.optimization.linear$LinearConstraint#LinearConstraint(org.apache.commons.math.linear.RealVector,org.apache.commons.math.optimization.linear.Relationship,double):102;0.19245008972987526
org.apache.commons.math.optimization.linear$LinearConstraint#LinearConstraint(org.apache.commons.math.linear.RealVector,org.apache.commons.math.optimization.linear.Relationship,double):103;0.19245008972987526
org.apache.commons.math.optimization.linear$LinearConstraint#getCoefficients():168;0.19245008972987526
org.apache.commons.math.optimization.linear$LinearConstraint#getRelationship():176;0.19245008972987526
org.apache.commons.math.optimization.linear$LinearConstraint#getValue():184;0.19245008972987526
org.apache.commons.math.optimization.linear$Relationship#Relationship(java.lang.String,int,java.lang.String):42;0.19245008972987526
org.apache.commons.math.optimization.linear$Relationship#Relationship(java.lang.String,int,java.lang.String):43;0.19245008972987526
org.apache.commons.math.optimization.linear$Relationship#Relationship(java.lang.String,int,java.lang.String):44;0.19245008972987526
org.apache.commons.math.optimization.linear$Relationship#<clinit>():28;0.19245008972987526
org.apache.commons.math.optimization.linear$Relationship#<clinit>():31;0.19245008972987526
org.apache.commons.math.optimization.linear$Relationship#<clinit>():34;0.19245008972987526
org.apache.commons.math.optimization.linear$Relationship#<clinit>():25;0.19245008972987526
org.apache.commons.math.optimization.linear$SimplexTableau#SimplexTableau(org.apache.commons.math.optimization.linear.LinearObjectiveFunction,java.util.Collection,org.apache.commons.math.optimization.GoalType,boolean,double,int):134;0.19245008972987526
org.apache.commons.math.optimization.linear$SimplexTableau#SimplexTableau(org.apache.commons.math.optimization.linear.LinearObjectiveFunction,java.util.Collection,org.apache.commons.math.optimization.GoalType,boolean,double,int):84;0.19245008972987526
org.apache.commons.math.optimization.linear$SimplexTableau#SimplexTableau(org.apache.commons.math.optimization.linear.LinearObjectiveFunction,java.util.Collection,org.apache.commons.math.optimization.GoalType,boolean,double,int):135;0.19245008972987526
org.apache.commons.math.optimization.linear$SimplexTableau#SimplexTableau(org.apache.commons.math.optimization.linear.LinearObjectiveFunction,java.util.Collection,org.apache.commons.math.optimization.GoalType,boolean,double,int):136;0.19245008972987526
org.apache.commons.math.optimization.linear$SimplexTableau#SimplexTableau(org.apache.commons.math.optimization.linear.LinearObjectiveFunction,java.util.Collection,org.apache.commons.math.optimization.GoalType,boolean,double,int):137;0.19245008972987526
org.apache.commons.math.optimization.linear$SimplexTableau#SimplexTableau(org.apache.commons.math.optimization.linear.LinearObjectiveFunction,java.util.Collection,org.apache.commons.math.optimization.GoalType,boolean,double,int):138;0.19245008972987526
org.apache.commons.math.optimization.linear$SimplexTableau#SimplexTableau(org.apache.commons.math.optimization.linear.LinearObjectiveFunction,java.util.Collection,org.apache.commons.math.optimization.GoalType,boolean,double,int):139;0.19245008972987526
org.apache.commons.math.optimization.linear$SimplexTableau#SimplexTableau(org.apache.commons.math.optimization.linear.LinearObjectiveFunction,java.util.Collection,org.apache.commons.math.optimization.GoalType,boolean,double,int):140;0.19245008972987526
org.apache.commons.math.optimization.linear$SimplexTableau#SimplexTableau(org.apache.commons.math.optimization.linear.LinearObjectiveFunction,java.util.Collection,org.apache.commons.math.optimization.GoalType,boolean,double,int):142;0.19245008972987526
org.apache.commons.math.optimization.linear$SimplexTableau#SimplexTableau(org.apache.commons.math.optimization.linear.LinearObjectiveFunction,java.util.Collection,org.apache.commons.math.optimization.GoalType,boolean,double,int):144;0.19245008972987526
org.apache.commons.math.optimization.linear$SimplexTableau#SimplexTableau(org.apache.commons.math.optimization.linear.LinearObjectiveFunction,java.util.Collection,org.apache.commons.math.optimization.GoalType,boolean,double,int):146;0.19245008972987526
org.apache.commons.math.optimization.linear$SimplexTableau#SimplexTableau(org.apache.commons.math.optimization.linear.LinearObjectiveFunction,java.util.Collection,org.apache.commons.math.optimization.GoalType,boolean,double,int):147;0.19245008972987526
org.apache.commons.math.optimization.linear$SimplexTableau#SimplexTableau(org.apache.commons.math.optimization.linear.LinearObjectiveFunction,java.util.Collection,org.apache.commons.math.optimization.GoalType,boolean,double,int):148;0.19245008972987526
org.apache.commons.math.optimization.linear$SimplexTableau#initializeColumnLabels():154;0.19245008972987526
org.apache.commons.math.optimization.linear$SimplexTableau#initializeColumnLabels():157;0.19245008972987526
org.apache.commons.math.optimization.linear$SimplexTableau#initializeColumnLabels():158;0.19245008972987526
org.apache.commons.math.optimization.linear$SimplexTableau#initializeColumnLabels():159;0.19245008972987526
org.apache.commons.math.optimization.linear$SimplexTableau#initializeColumnLabels():161;0.19245008972987526
org.apache.commons.math.optimization.linear$SimplexTableau#initializeColumnLabels():164;0.19245008972987526
org.apache.commons.math.optimization.linear$SimplexTableau#initializeColumnLabels():167;0.19245008972987526
org.apache.commons.math.optimization.linear$SimplexTableau#initializeColumnLabels():170;0.19245008972987526
org.apache.commons.math.optimization.linear$SimplexTableau#initializeColumnLabels():171;0.19245008972987526
org.apache.commons.math.optimization.linear$SimplexTableau#createTableau(boolean):181;0.19245008972987526
org.apache.commons.math.optimization.linear$SimplexTableau#createTableau(boolean):183;0.19245008972987526
org.apache.commons.math.optimization.linear$SimplexTableau#createTableau(boolean):184;0.19245008972987526
org.apache.commons.math.optimization.linear$SimplexTableau#createTableau(boolean):187;0.19245008972987526
org.apache.commons.math.optimization.linear$SimplexTableau#createTableau(boolean):190;0.19245008972987526
org.apache.commons.math.optimization.linear$SimplexTableau#createTableau(boolean):191;0.19245008972987526
org.apache.commons.math.optimization.linear$SimplexTableau#createTableau(boolean):192;0.19245008972987526
org.apache.commons.math.optimization.linear$SimplexTableau#createTableau(boolean):194;0.19245008972987526
org.apache.commons.math.optimization.linear$SimplexTableau#createTableau(boolean):195;0.19245008972987526
org.apache.commons.math.optimization.linear$SimplexTableau#createTableau(boolean):198;0.19245008972987526
org.apache.commons.math.optimization.linear$SimplexTableau#createTableau(boolean):204;0.19245008972987526
org.apache.commons.math.optimization.linear$SimplexTableau#createTableau(boolean):205;0.19245008972987526
org.apache.commons.math.optimization.linear$SimplexTableau#createTableau(boolean):206;0.19245008972987526
org.apache.commons.math.optimization.linear$SimplexTableau#createTableau(boolean):207;0.19245008972987526
org.apache.commons.math.optimization.linear$SimplexTableau#createTableau(boolean):208;0.19245008972987526
org.apache.commons.math.optimization.linear$SimplexTableau#createTableau(boolean):211;0.19245008972987526
org.apache.commons.math.optimization.linear$SimplexTableau#createTableau(boolean):214;0.19245008972987526
org.apache.commons.math.optimization.linear$SimplexTableau#createTableau(boolean):220;0.19245008972987526
org.apache.commons.math.optimization.linear$SimplexTableau#createTableau(boolean):223;0.19245008972987526
org.apache.commons.math.optimization.linear$SimplexTableau#createTableau(boolean):230;0.19245008972987526
org.apache.commons.math.optimization.linear$SimplexTableau#createTableau(boolean):238;0.19245008972987526
org.apache.commons.math.optimization.linear$SimplexTableau#normalizeConstraints(java.util.Collection):247;0.19245008972987526
org.apache.commons.math.optimization.linear$SimplexTableau#normalizeConstraints(java.util.Collection):248;0.19245008972987526
org.apache.commons.math.optimization.linear$SimplexTableau#normalizeConstraints(java.util.Collection):249;0.19245008972987526
org.apache.commons.math.optimization.linear$SimplexTableau#normalizeConstraints(java.util.Collection):250;0.19245008972987526
org.apache.commons.math.optimization.linear$SimplexTableau#normalizeConstraints(java.util.Collection):251;0.19245008972987526
org.apache.commons.math.optimization.linear$SimplexTableau#normalize(org.apache.commons.math.optimization.linear.LinearConstraint):260;0.19245008972987526
org.apache.commons.math.optimization.linear$SimplexTableau#getNumObjectiveFunctions():274;0.19245008972987526
org.apache.commons.math.optimization.linear$SimplexTableau#getConstraintTypeCounts(org.apache.commons.math.optimization.linear.Relationship):283;0.19245008972987526
org.apache.commons.math.optimization.linear$SimplexTableau#getConstraintTypeCounts(org.apache.commons.math.optimization.linear.Relationship):284;0.19245008972987526
org.apache.commons.math.optimization.linear$SimplexTableau#getConstraintTypeCounts(org.apache.commons.math.optimization.linear.Relationship):285;0.19245008972987526
org.apache.commons.math.optimization.linear$SimplexTableau#getConstraintTypeCounts(org.apache.commons.math.optimization.linear.Relationship):286;0.19245008972987526
org.apache.commons.math.optimization.linear$SimplexTableau#getConstraintTypeCounts(org.apache.commons.math.optimization.linear.Relationship):288;0.19245008972987526
org.apache.commons.math.optimization.linear$SimplexTableau#getConstraintTypeCounts(org.apache.commons.math.optimization.linear.Relationship):289;0.19245008972987526
org.apache.commons.math.optimization.linear$SimplexTableau#copyArray(double[],double[]):374;0.19245008972987526
org.apache.commons.math.optimization.linear$SimplexTableau#copyArray(double[],double[]):375;0.19245008972987526
org.apache.commons.math.optimization.linear$SimplexTableau#getOriginalNumDecisionVariables():537;0.19245008972987526
org.apache.commons.math.optimization.linear$SimplexTableau#getNumSlackVariables():545;0.19245008972987526
org.apache.commons.math.optimization.linear$SimplexTableau#getNumArtificialVariables():553;0.19245008972987526
org.apache.commons.math.linear$AbstractRealMatrix#getRowVector(int):478;0.1889822365046136
org.apache.commons.math.linear$AbstractRealMatrix#setRowVector(int,org.apache.commons.math.linear.RealVector):483;0.1889822365046136
org.apache.commons.math.linear$AbstractRealMatrix#setRowVector(int,org.apache.commons.math.linear.RealVector):484;0.1889822365046136
org.apache.commons.math.linear$AbstractRealMatrix#setRowVector(int,org.apache.commons.math.linear.RealVector):485;0.1889822365046136
org.apache.commons.math.linear$AbstractRealMatrix#setRowVector(int,org.apache.commons.math.linear.RealVector):489;0.1889822365046136
org.apache.commons.math.linear$AbstractRealMatrix#setRowVector(int,org.apache.commons.math.linear.RealVector):490;0.1889822365046136
org.apache.commons.math.linear$AbstractRealMatrix#setRowVector(int,org.apache.commons.math.linear.RealVector):492;0.1889822365046136
org.apache.commons.math.linear$Array2DRowRealMatrix#getDataRef():254;0.15811388300841897
org.apache.commons.math.linear$AbstractRealMatrix#getRow(int):514;0.14744195615489714
org.apache.commons.math.linear$AbstractRealMatrix#getRow(int):515;0.14744195615489714
org.apache.commons.math.linear$AbstractRealMatrix#getRow(int):516;0.14744195615489714
org.apache.commons.math.linear$AbstractRealMatrix#getRow(int):517;0.14744195615489714
org.apache.commons.math.linear$AbstractRealMatrix#getRow(int):518;0.14744195615489714
org.apache.commons.math.linear$AbstractRealMatrix#getRow(int):521;0.14744195615489714
org.apache.commons.math.linear$ArrayRealVector#mapMultiplyToSelf(double):373;0.13130643285972254
org.apache.commons.math.linear$ArrayRealVector#mapMultiplyToSelf(double):374;0.13130643285972254
org.apache.commons.math.linear$ArrayRealVector#mapMultiplyToSelf(double):376;0.13130643285972254
org.apache.commons.math.linear$RealVector#mapMultiply(double):527;0.12909944487358055
org.apache.commons.math.optimization$RealPointValuePair#getPoint():68;0.1203858530857692
org.apache.commons.math.linear$ArrayRealVector#subtract(org.apache.commons.math.linear.RealVector):315;0.11952286093343936
org.apache.commons.math.linear$ArrayRealVector#subtract(org.apache.commons.math.linear.RealVector):316;0.11952286093343936
org.apache.commons.math.linear$ArrayRealVector#subtract(org.apache.commons.math.linear.RealVector):317;0.11952286093343936
org.apache.commons.math.linear$ArrayRealVector#subtract(org.apache.commons.math.linear.RealVector):318;0.11952286093343936
org.apache.commons.math.linear$ArrayRealVector#subtract(org.apache.commons.math.linear.RealVector):319;0.11952286093343936
org.apache.commons.math.linear$ArrayRealVector#subtract(org.apache.commons.math.linear.RealVector):320;0.11952286093343936
org.apache.commons.math.linear$ArrayRealVector#subtract(org.apache.commons.math.linear.RealVector):321;0.11952286093343936
org.apache.commons.math.linear$ArrayRealVector#subtract(org.apache.commons.math.linear.RealVector):322;0.11952286093343936
org.apache.commons.math.linear$ArrayRealVector#subtract(org.apache.commons.math.linear.RealVector):324;0.11952286093343936
org.apache.commons.math.linear$ArrayRealVector#dotProduct(org.apache.commons.math.linear.RealVector):450;0.11704114719613057
org.apache.commons.math.linear$ArrayRealVector#dotProduct(org.apache.commons.math.linear.RealVector):451;0.11704114719613057
org.apache.commons.math.linear$ArrayRealVector#dotProduct(org.apache.commons.math.linear.RealVector):452;0.11704114719613057
org.apache.commons.math.linear$ArrayRealVector#dotProduct(org.apache.commons.math.linear.RealVector):454;0.11704114719613057
org.apache.commons.math.linear$ArrayRealVector#dotProduct(org.apache.commons.math.linear.RealVector):447;0.11624763874381928
org.apache.commons.math.linear$ArrayRealVector#dotProduct(org.apache.commons.math.linear.RealVector):448;0.11624763874381928
org.apache.commons.math.linear$ArrayRealVector#dotProduct(org.apache.commons.math.linear.RealVector):449;0.11624763874381928
org.apache.commons.math.util$Precision#equals(double,double,int):285;0.1125087900926024
org.apache.commons.math.linear$ArrayRealVector#copy():284;0.10482848367219183
org.apache.commons.math.optimization$RealPointValuePair#RealPointValuePair(double[],double):44;0.10425720702853739
org.apache.commons.math.optimization$RealPointValuePair#RealPointValuePair(double[],double):45;0.10425720702853739
org.apache.commons.math.optimization$RealPointValuePair#RealPointValuePair(double[],double):46;0.10425720702853739
org.apache.commons.math.optimization$RealPointValuePair#RealPointValuePair(double[],double):47;0.10425720702853739
org.apache.commons.math.linear$ArrayRealVector#ArrayRealVector(org.apache.commons.math.linear.ArrayRealVector,boolean):197;0.10425720702853739
org.apache.commons.math.linear$ArrayRealVector#ArrayRealVector(org.apache.commons.math.linear.ArrayRealVector,boolean):198;0.10425720702853739
org.apache.commons.math.linear$ArrayRealVector#ArrayRealVector(org.apache.commons.math.linear.ArrayRealVector,boolean):199;0.10425720702853739
org.apache.commons.math.linear$ArrayRealVector#toArray():732;0.10206207261596577
org.apache.commons.math.linear$ArrayRealVector#checkVectorDimensions(int):765;0.09622504486493763
org.apache.commons.math.linear$ArrayRealVector#checkVectorDimensions(int):762;0.0936585811581694
org.apache.commons.math.optimization$GoalType#GoalType(java.lang.String,int):27;0.09284766908852593
org.apache.commons.math.optimization$GoalType#<clinit>():30;0.09284766908852593
org.apache.commons.math.optimization$GoalType#<clinit>():33;0.09284766908852593
org.apache.commons.math.optimization$GoalType#<clinit>():27;0.09284766908852593
org.apache.commons.math.linear$ArrayRealVector#ArrayRealVector(int):62;0.0873704056661038
org.apache.commons.math.linear$ArrayRealVector#ArrayRealVector(int):63;0.0873704056661038
org.apache.commons.math.linear$ArrayRealVector#ArrayRealVector(int):64;0.0873704056661038
org.apache.commons.math.linear$ArrayRealVector#ArrayRealVector(double[],boolean):101;0.07293249574894728
org.apache.commons.math.linear$ArrayRealVector#ArrayRealVector(double[],boolean):102;0.07293249574894728
org.apache.commons.math.linear$ArrayRealVector#ArrayRealVector(double[],boolean):105;0.07293249574894728
org.apache.commons.math.linear$ArrayRealVector#ArrayRealVector(double[],boolean):106;0.07293249574894728
org.apache.commons.math.linear$ArrayRealVector#getEntry(int):622;0.07198157507486945
org.apache.commons.math.linear$ArrayRealVector#ArrayRealVector(double[]):83;0.07035975447302918
org.apache.commons.math.linear$ArrayRealVector#ArrayRealVector(double[]):84;0.07035975447302918
org.apache.commons.math.linear$ArrayRealVector#ArrayRealVector(double[]):85;0.07035975447302918
org.apache.commons.math.util$Precision#equals(double,double,int):282;0.07018624063435965
org.apache.commons.math.linear$Array2DRowRealMatrix#Array2DRowRealMatrix(double[][]):73;0.06772854614785964
org.apache.commons.math.linear$Array2DRowRealMatrix#Array2DRowRealMatrix(double[][]):74;0.06772854614785964
org.apache.commons.math.linear$Array2DRowRealMatrix#Array2DRowRealMatrix(double[][]):75;0.06772854614785964
org.apache.commons.math.linear$Array2DRowRealMatrix#setSubMatrix(double[][],int,int):261;0.06741998624632421
org.apache.commons.math.linear$Array2DRowRealMatrix#setSubMatrix(double[][],int,int):262;0.06741998624632421
org.apache.commons.math.linear$Array2DRowRealMatrix#setSubMatrix(double[][],int,int):265;0.06741998624632421
org.apache.commons.math.linear$Array2DRowRealMatrix#setSubMatrix(double[][],int,int):268;0.06741998624632421
org.apache.commons.math.linear$Array2DRowRealMatrix#setSubMatrix(double[][],int,int):269;0.06741998624632421
org.apache.commons.math.linear$Array2DRowRealMatrix#setSubMatrix(double[][],int,int):270;0.06741998624632421
org.apache.commons.math.linear$Array2DRowRealMatrix#setSubMatrix(double[][],int,int):274;0.06741998624632421
org.apache.commons.math.linear$Array2DRowRealMatrix#setSubMatrix(double[][],int,int):275;0.06741998624632421
org.apache.commons.math.linear$Array2DRowRealMatrix#setSubMatrix(double[][],int,int):278;0.06741998624632421
org.apache.commons.math.linear$Array2DRowRealMatrix#setSubMatrix(double[][],int,int):279;0.06741998624632421
org.apache.commons.math.linear$Array2DRowRealMatrix#setSubMatrix(double[][],int,int):280;0.06741998624632421
org.apache.commons.math.linear$Array2DRowRealMatrix#setSubMatrix(double[][],int,int):283;0.06741998624632421
org.apache.commons.math.linear$Array2DRowRealMatrix#setSubMatrix(double[][],int,int):285;0.06741998624632421
org.apache.commons.math.linear$Array2DRowRealMatrix#setSubMatrix(double[][],int,int):289;0.06741998624632421
org.apache.commons.math.linear$Array2DRowRealMatrix#copyIn(double[][]):525;0.06741998624632421
org.apache.commons.math.linear$Array2DRowRealMatrix#copyIn(double[][]):526;0.06741998624632421
org.apache.commons.math.linear$Array2DRowRealMatrix#getEntry(int,int):294;0.06622661785325219
org.apache.commons.math.linear$Array2DRowRealMatrix#getEntry(int,int):295;0.06622661785325219
org.apache.commons.math.linear$Array2DRowRealMatrix#setEntry(int,int,double):301;0.06495698024616309
org.apache.commons.math.linear$Array2DRowRealMatrix#setEntry(int,int,double):302;0.06495698024616309
org.apache.commons.math.linear$Array2DRowRealMatrix#setEntry(int,int,double):303;0.06495698024616309
org.apache.commons.math.linear$ArrayRealVector#getDimension():628;0.06482037235521644
org.apache.commons.math.linear$Array2DRowRealMatrix#Array2DRowRealMatrix(int,int):56;0.06375767130633382
org.apache.commons.math.linear$Array2DRowRealMatrix#Array2DRowRealMatrix(int,int):57;0.06375767130633382
org.apache.commons.math.linear$Array2DRowRealMatrix#Array2DRowRealMatrix(int,int):55;0.06362847629757777
org.apache.commons.math.linear$AbstractRealMatrix#AbstractRealMatrix():44;0.06108472217815261
org.apache.commons.math.linear$MatrixUtils#checkMatrixIndex(org.apache.commons.math.linear.AnyMatrix,int,int):367;0.05773502691896257
org.apache.commons.math.linear$MatrixUtils#checkMatrixIndex(org.apache.commons.math.linear.AnyMatrix,int,int):368;0.05773502691896257
org.apache.commons.math.linear$MatrixUtils#checkMatrixIndex(org.apache.commons.math.linear.AnyMatrix,int,int):369;0.05773502691896257
org.apache.commons.math.linear$Array2DRowRealMatrix#getRowDimension():322;0.0575435337648436
org.apache.commons.math.linear$Array2DRowRealMatrix#getColumnDimension():328;0.0575435337648436
org.apache.commons.math.linear$ArrayRealVector#<clinit>():41;0.05616559563017304
org.apache.commons.math.linear$RealVectorFormat#getInstance():162;0.05616559563017304
org.apache.commons.math.linear$RealVectorFormat#RealVectorFormat(java.text.NumberFormat):82;0.0553001263609331
org.apache.commons.math.linear$RealVectorFormat#RealVectorFormat(java.text.NumberFormat):83;0.0553001263609331
org.apache.commons.math.linear$RealVectorFormat#RealVectorFormat(java.lang.String,java.lang.String,java.lang.String,java.text.NumberFormat):106;0.0553001263609331
org.apache.commons.math.linear$RealVectorFormat#RealVectorFormat(java.lang.String,java.lang.String,java.lang.String,java.text.NumberFormat):107;0.0553001263609331
org.apache.commons.math.linear$RealVectorFormat#RealVectorFormat(java.lang.String,java.lang.String,java.lang.String,java.text.NumberFormat):108;0.0553001263609331
org.apache.commons.math.linear$RealVectorFormat#RealVectorFormat(java.lang.String,java.lang.String,java.lang.String,java.text.NumberFormat):109;0.0553001263609331
org.apache.commons.math.linear$RealVectorFormat#RealVectorFormat(java.lang.String,java.lang.String,java.lang.String,java.text.NumberFormat):110;0.0553001263609331
org.apache.commons.math.linear$RealVectorFormat#RealVectorFormat(java.lang.String,java.lang.String,java.lang.String,java.text.NumberFormat):111;0.0553001263609331
org.apache.commons.math.linear$RealVectorFormat#RealVectorFormat(java.lang.String,java.lang.String,java.lang.String,java.text.NumberFormat):112;0.0553001263609331
org.apache.commons.math.linear$RealVectorFormat#RealVectorFormat(java.lang.String,java.lang.String,java.lang.String,java.text.NumberFormat):113;0.0553001263609331
org.apache.commons.math.linear$RealVectorFormat#RealVectorFormat(java.lang.String,java.lang.String,java.lang.String,java.text.NumberFormat):114;0.0553001263609331
org.apache.commons.math.linear$RealVectorFormat#getInstance(java.util.Locale):171;0.0553001263609331
org.apache.commons.math.linear$MatrixUtils#checkRowIndex(org.apache.commons.math.linear.AnyMatrix,int):379;0.054717565516458275
org.apache.commons.math.linear$MatrixUtils#checkRowIndex(org.apache.commons.math.linear.AnyMatrix,int):384;0.054717565516458275
org.apache.commons.math.linear$MatrixUtils#checkColumnIndex(org.apache.commons.math.linear.AnyMatrix,int):394;0.05463583647081531
org.apache.commons.math.linear$MatrixUtils#checkColumnIndex(org.apache.commons.math.linear.AnyMatrix,int):398;0.05463583647081531
org.apache.commons.math.linear$RealVector#RealVector():58;0.05415303610738823
org.apache.commons.math.linear$RealVector#RealVector():864;0.05415303610738823
org.apache.commons.math.linear$AbstractRealMatrix#AbstractRealMatrix(int,int):57;0.051031036307982884
org.apache.commons.math.linear$AbstractRealMatrix#AbstractRealMatrix(int,int):60;0.051031036307982884
org.apache.commons.math.linear$AbstractRealMatrix#AbstractRealMatrix(int,int):53;0.050964719143762556
org.apache.commons.math.linear$AbstractRealMatrix#AbstractRealMatrix(int,int):54;0.050964719143762556
org.apache.commons.math.util$Precision#equals(double,double,int):277;0.048393391849582724
org.apache.commons.math.util$Precision#equals(double,double,int):278;0.048393391849582724
org.apache.commons.math.util$Precision#equals(double,double,int):281;0.048393391849582724
org.apache.commons.math.util$Precision#equals(double,double,int):284;0.048393391849582724
org.apache.commons.math.util$Precision#equals(double,double,int):288;0.048393391849582724
org.apache.commons.math.util$Precision#equals(double,double,int):290;0.048393391849582724
org.apache.commons.math.util$FastMath#abs(long):3005;0.04822428221704121
org.apache.commons.math.util$CompositeFormat#getDefaultNumberFormat(java.util.Locale):54;0.04740454631399772
org.apache.commons.math.util$CompositeFormat#getDefaultNumberFormat(java.util.Locale):55;0.04740454631399772
org.apache.commons.math.util$CompositeFormat#getDefaultNumberFormat(java.util.Locale):56;0.04740454631399772
org.apache.commons.math.linear$RealLinearOperator#RealLinearOperator():52;0.045221563164613454
org.apache.commons.math.util$MathUtils#checkNotNull(java.lang.Object):333;0.03804179284542668
org.apache.commons.math.util$MathUtils#checkNotNull(java.lang.Object):330;0.03790490217894517
org.apache.commons.math.util$FastMath#abs(double):3023;0.028490144114909487
org.apache.commons.math.util$FastMath#<clinit>():104;0.020429446161135924
org.apache.commons.math.util$FastMath#<clinit>():106;0.020429446161135924
org.apache.commons.math.util$FastMath#<clinit>():115;0.020429446161135924
org.apache.commons.math.util$FastMath#<clinit>():128;0.020429446161135924
org.apache.commons.math.util$FastMath#<clinit>():141;0.020429446161135924
org.apache.commons.math.util$FastMath#<clinit>():160;0.020429446161135924
org.apache.commons.math.util$FastMath#<clinit>():179;0.020429446161135924
org.apache.commons.math.util$FastMath#<clinit>():198;0.020429446161135924
org.apache.commons.math.util$FastMath#<clinit>():218;0.020429446161135924
org.apache.commons.math.util$FastMath#<clinit>():237;0.020429446161135924
org.apache.commons.math.util$FastMath#<clinit>():256;0.020429446161135924
org.apache.commons.math.util$FastMath#<clinit>():277;0.020429446161135924
org.apache.commons.math.util$FastMath#<clinit>():285;0.020429446161135924
org.apache.commons.math.util$FastMath#<clinit>():288;0.020429446161135924
org.apache.commons.math.exception$MathIllegalStateException#MathIllegalStateException(org.apache.commons.math.exception.util.Localizable,java.lang.Object[]):45;0.0
org.apache.commons.math.exception$MathIllegalStateException#MathIllegalStateException(org.apache.commons.math.exception.util.Localizable,java.lang.Object[]):46;0.0
org.apache.commons.math.exception$MathIllegalStateException#MathIllegalStateException(org.apache.commons.math.exception.util.Localizable,java.lang.Object[]):47;0.0
org.apache.commons.math.exception$MathIllegalStateException#MathIllegalStateException(org.apache.commons.math.exception.util.Localizable,java.lang.Object[]):48;0.0
org.apache.commons.math.exception$MathIllegalStateException#MathIllegalStateException(java.lang.Throwable,org.apache.commons.math.exception.util.Localizable,java.lang.Object[]):60;0.0
org.apache.commons.math.exception$MathIllegalStateException#MathIllegalStateException(java.lang.Throwable,org.apache.commons.math.exception.util.Localizable,java.lang.Object[]):61;0.0
org.apache.commons.math.exception$MathIllegalStateException#MathIllegalStateException(java.lang.Throwable,org.apache.commons.math.exception.util.Localizable,java.lang.Object[]):62;0.0
org.apache.commons.math.exception$MathIllegalStateException#MathIllegalStateException(java.lang.Throwable,org.apache.commons.math.exception.util.Localizable,java.lang.Object[]):63;0.0
org.apache.commons.math.exception$MathIllegalStateException#MathIllegalStateException():69;0.0
org.apache.commons.math.exception$MathIllegalStateException#MathIllegalStateException():70;0.0
org.apache.commons.math.exception$MathIllegalStateException#getContext():74;0.0
org.apache.commons.math.exception$MathIllegalStateException#getMessage():80;0.0
org.apache.commons.math.exception$MathIllegalStateException#getLocalizedMessage():86;0.0
org.apache.commons.math.util$FastMath#FastMath():349;0.0
org.apache.commons.math.util$FastMath#doubleHighPart(double):361;0.0
org.apache.commons.math.util$FastMath#doubleHighPart(double):362;0.0
org.apache.commons.math.util$FastMath#doubleHighPart(double):364;0.0
org.apache.commons.math.util$FastMath#doubleHighPart(double):365;0.0
org.apache.commons.math.util$FastMath#doubleHighPart(double):366;0.0
org.apache.commons.math.util$FastMath#sqrt(double):375;0.0
org.apache.commons.math.util$FastMath#cosh(double):383;0.0
org.apache.commons.math.util$FastMath#cosh(double):384;0.0
org.apache.commons.math.util$FastMath#cosh(double):392;0.0
org.apache.commons.math.util$FastMath#cosh(double):393;0.0
org.apache.commons.math.util$FastMath#cosh(double):396;0.0
org.apache.commons.math.util$FastMath#cosh(double):397;0.0
org.apache.commons.math.util$FastMath#cosh(double):400;0.0
org.apache.commons.math.util$FastMath#cosh(double):401;0.0
org.apache.commons.math.util$FastMath#cosh(double):402;0.0
org.apache.commons.math.util$FastMath#cosh(double):404;0.0
org.apache.commons.math.util$FastMath#cosh(double):406;0.0
org.apache.commons.math.util$FastMath#cosh(double):407;0.0
org.apache.commons.math.util$FastMath#cosh(double):409;0.0
org.apache.commons.math.util$FastMath#cosh(double):410;0.0
org.apache.commons.math.util$FastMath#cosh(double):411;0.0
org.apache.commons.math.util$FastMath#cosh(double):414;0.0
org.apache.commons.math.util$FastMath#cosh(double):415;0.0
org.apache.commons.math.util$FastMath#cosh(double):416;0.0
org.apache.commons.math.util$FastMath#cosh(double):417;0.0
org.apache.commons.math.util$FastMath#cosh(double):420;0.0
org.apache.commons.math.util$FastMath#cosh(double):422;0.0
org.apache.commons.math.util$FastMath#cosh(double):425;0.0
org.apache.commons.math.util$FastMath#cosh(double):426;0.0
org.apache.commons.math.util$FastMath#cosh(double):427;0.0
org.apache.commons.math.util$FastMath#cosh(double):428;0.0
org.apache.commons.math.util$FastMath#cosh(double):429;0.0
org.apache.commons.math.util$FastMath#cosh(double):430;0.0
org.apache.commons.math.util$FastMath#cosh(double):432;0.0
org.apache.commons.math.util$FastMath#cosh(double):433;0.0
org.apache.commons.math.util$FastMath#cosh(double):434;0.0
org.apache.commons.math.util$FastMath#sinh(double):442;0.0
org.apache.commons.math.util$FastMath#sinh(double):443;0.0
org.apache.commons.math.util$FastMath#sinh(double):444;0.0
org.apache.commons.math.util$FastMath#sinh(double):452;0.0
org.apache.commons.math.util$FastMath#sinh(double):453;0.0
org.apache.commons.math.util$FastMath#sinh(double):456;0.0
org.apache.commons.math.util$FastMath#sinh(double):457;0.0
org.apache.commons.math.util$FastMath#sinh(double):460;0.0
org.apache.commons.math.util$FastMath#sinh(double):461;0.0
org.apache.commons.math.util$FastMath#sinh(double):464;0.0
org.apache.commons.math.util$FastMath#sinh(double):465;0.0
org.apache.commons.math.util$FastMath#sinh(double):466;0.0
org.apache.commons.math.util$FastMath#sinh(double):471;0.0
org.apache.commons.math.util$FastMath#sinh(double):472;0.0
org.apache.commons.math.util$FastMath#sinh(double):473;0.0
org.apache.commons.math.util$FastMath#sinh(double):475;0.0
org.apache.commons.math.util$FastMath#sinh(double):476;0.0
org.apache.commons.math.util$FastMath#sinh(double):478;0.0
org.apache.commons.math.util$FastMath#sinh(double):479;0.0
org.apache.commons.math.util$FastMath#sinh(double):480;0.0
org.apache.commons.math.util$FastMath#sinh(double):483;0.0
org.apache.commons.math.util$FastMath#sinh(double):484;0.0
org.apache.commons.math.util$FastMath#sinh(double):485;0.0
org.apache.commons.math.util$FastMath#sinh(double):486;0.0
org.apache.commons.math.util$FastMath#sinh(double):489;0.0
org.apache.commons.math.util$FastMath#sinh(double):491;0.0
org.apache.commons.math.util$FastMath#sinh(double):493;0.0
org.apache.commons.math.util$FastMath#sinh(double):494;0.0
org.apache.commons.math.util$FastMath#sinh(double):497;0.0
org.apache.commons.math.util$FastMath#sinh(double):498;0.0
org.apache.commons.math.util$FastMath#sinh(double):499;0.0
org.apache.commons.math.util$FastMath#sinh(double):500;0.0
org.apache.commons.math.util$FastMath#sinh(double):501;0.0
org.apache.commons.math.util$FastMath#sinh(double):502;0.0
org.apache.commons.math.util$FastMath#sinh(double):504;0.0
org.apache.commons.math.util$FastMath#sinh(double):505;0.0
org.apache.commons.math.util$FastMath#sinh(double):506;0.0
org.apache.commons.math.util$FastMath#sinh(double):508;0.0
org.apache.commons.math.util$FastMath#sinh(double):509;0.0
org.apache.commons.math.util$FastMath#sinh(double):511;0.0
org.apache.commons.math.util$FastMath#sinh(double):512;0.0
org.apache.commons.math.util$FastMath#sinh(double):515;0.0
org.apache.commons.math.util$FastMath#sinh(double):516;0.0
org.apache.commons.math.util$FastMath#sinh(double):517;0.0
org.apache.commons.math.util$FastMath#sinh(double):518;0.0
org.apache.commons.math.util$FastMath#sinh(double):519;0.0
org.apache.commons.math.util$FastMath#sinh(double):520;0.0
org.apache.commons.math.util$FastMath#sinh(double):521;0.0
org.apache.commons.math.util$FastMath#sinh(double):523;0.0
org.apache.commons.math.util$FastMath#sinh(double):524;0.0
org.apache.commons.math.util$FastMath#sinh(double):525;0.0
org.apache.commons.math.util$FastMath#sinh(double):527;0.0
org.apache.commons.math.util$FastMath#sinh(double):530;0.0
org.apache.commons.math.util$FastMath#sinh(double):531;0.0
org.apache.commons.math.util$FastMath#sinh(double):534;0.0
org.apache.commons.math.util$FastMath#sinh(double):535;0.0
org.apache.commons.math.util$FastMath#sinh(double):536;0.0
org.apache.commons.math.util$FastMath#sinh(double):537;0.0
org.apache.commons.math.util$FastMath#sinh(double):538;0.0
org.apache.commons.math.util$FastMath#sinh(double):539;0.0
org.apache.commons.math.util$FastMath#sinh(double):541;0.0
org.apache.commons.math.util$FastMath#sinh(double):542;0.0
org.apache.commons.math.util$FastMath#sinh(double):545;0.0
org.apache.commons.math.util$FastMath#sinh(double):546;0.0
org.apache.commons.math.util$FastMath#sinh(double):549;0.0
org.apache.commons.math.util$FastMath#tanh(double):557;0.0
org.apache.commons.math.util$FastMath#tanh(double):559;0.0
org.apache.commons.math.util$FastMath#tanh(double):560;0.0
org.apache.commons.math.util$FastMath#tanh(double):569;0.0
org.apache.commons.math.util$FastMath#tanh(double):570;0.0
org.apache.commons.math.util$FastMath#tanh(double):573;0.0
org.apache.commons.math.util$FastMath#tanh(double):574;0.0
org.apache.commons.math.util$FastMath#tanh(double):577;0.0
org.apache.commons.math.util$FastMath#tanh(double):578;0.0
org.apache.commons.math.util$FastMath#tanh(double):581;0.0
org.apache.commons.math.util$FastMath#tanh(double):582;0.0
org.apache.commons.math.util$FastMath#tanh(double):583;0.0
org.apache.commons.math.util$FastMath#tanh(double):587;0.0
org.apache.commons.math.util$FastMath#tanh(double):588;0.0
org.apache.commons.math.util$FastMath#tanh(double):590;0.0
org.apache.commons.math.util$FastMath#tanh(double):592;0.0
org.apache.commons.math.util$FastMath#tanh(double):593;0.0
org.apache.commons.math.util$FastMath#tanh(double):596;0.0
org.apache.commons.math.util$FastMath#tanh(double):597;0.0
org.apache.commons.math.util$FastMath#tanh(double):598;0.0
org.apache.commons.math.util$FastMath#tanh(double):599;0.0
org.apache.commons.math.util$FastMath#tanh(double):600;0.0
org.apache.commons.math.util$FastMath#tanh(double):603;0.0
org.apache.commons.math.util$FastMath#tanh(double):604;0.0
org.apache.commons.math.util$FastMath#tanh(double):605;0.0
org.apache.commons.math.util$FastMath#tanh(double):606;0.0
org.apache.commons.math.util$FastMath#tanh(double):607;0.0
org.apache.commons.math.util$FastMath#tanh(double):609;0.0
org.apache.commons.math.util$FastMath#tanh(double):610;0.0
org.apache.commons.math.util$FastMath#tanh(double):611;0.0
org.apache.commons.math.util$FastMath#tanh(double):614;0.0
org.apache.commons.math.util$FastMath#tanh(double):615;0.0
org.apache.commons.math.util$FastMath#tanh(double):616;0.0
org.apache.commons.math.util$FastMath#tanh(double):617;0.0
org.apache.commons.math.util$FastMath#tanh(double):620;0.0
org.apache.commons.math.util$FastMath#tanh(double):623;0.0
org.apache.commons.math.util$FastMath#tanh(double):625;0.0
org.apache.commons.math.util$FastMath#tanh(double):627;0.0
org.apache.commons.math.util$FastMath#tanh(double):628;0.0
org.apache.commons.math.util$FastMath#tanh(double):630;0.0
org.apache.commons.math.util$FastMath#tanh(double):632;0.0
org.apache.commons.math.util$FastMath#tanh(double):634;0.0
org.apache.commons.math.util$FastMath#tanh(double):635;0.0
org.apache.commons.math.util$FastMath#tanh(double):638;0.0
org.apache.commons.math.util$FastMath#tanh(double):639;0.0
org.apache.commons.math.util$FastMath#tanh(double):642;0.0
org.apache.commons.math.util$FastMath#tanh(double):643;0.0
org.apache.commons.math.util$FastMath#tanh(double):644;0.0
org.apache.commons.math.util$FastMath#tanh(double):645;0.0
org.apache.commons.math.util$FastMath#tanh(double):646;0.0
org.apache.commons.math.util$FastMath#tanh(double):648;0.0
org.apache.commons.math.util$FastMath#tanh(double):649;0.0
org.apache.commons.math.util$FastMath#tanh(double):650;0.0
org.apache.commons.math.util$FastMath#tanh(double):653;0.0
org.apache.commons.math.util$FastMath#tanh(double):654;0.0
org.apache.commons.math.util$FastMath#tanh(double):655;0.0
org.apache.commons.math.util$FastMath#tanh(double):656;0.0
org.apache.commons.math.util$FastMath#tanh(double):659;0.0
org.apache.commons.math.util$FastMath#tanh(double):662;0.0
org.apache.commons.math.util$FastMath#tanh(double):664;0.0
org.apache.commons.math.util$FastMath#tanh(double):666;0.0
org.apache.commons.math.util$FastMath#tanh(double):669;0.0
org.apache.commons.math.util$FastMath#tanh(double):670;0.0
org.apache.commons.math.util$FastMath#tanh(double):673;0.0
org.apache.commons.math.util$FastMath#acosh(double):681;0.0
org.apache.commons.math.util$FastMath#asinh(double):689;0.0
org.apache.commons.math.util$FastMath#asinh(double):690;0.0
org.apache.commons.math.util$FastMath#asinh(double):691;0.0
org.apache.commons.math.util$FastMath#asinh(double):692;0.0
org.apache.commons.math.util$FastMath#asinh(double):696;0.0
org.apache.commons.math.util$FastMath#asinh(double):697;0.0
org.apache.commons.math.util$FastMath#asinh(double):699;0.0
org.apache.commons.math.util$FastMath#asinh(double):700;0.0
org.apache.commons.math.util$FastMath#asinh(double):701;0.0
org.apache.commons.math.util$FastMath#asinh(double):702;0.0
org.apache.commons.math.util$FastMath#asinh(double):703;0.0
org.apache.commons.math.util$FastMath#asinh(double):704;0.0
org.apache.commons.math.util$FastMath#asinh(double):705;0.0
org.apache.commons.math.util$FastMath#asinh(double):707;0.0
org.apache.commons.math.util$FastMath#asinh(double):711;0.0
org.apache.commons.math.util$FastMath#atanh(double):719;0.0
org.apache.commons.math.util$FastMath#atanh(double):720;0.0
org.apache.commons.math.util$FastMath#atanh(double):721;0.0
org.apache.commons.math.util$FastMath#atanh(double):722;0.0
org.apache.commons.math.util$FastMath#atanh(double):726;0.0
org.apache.commons.math.util$FastMath#atanh(double):727;0.0
org.apache.commons.math.util$FastMath#atanh(double):729;0.0
org.apache.commons.math.util$FastMath#atanh(double):730;0.0
org.apache.commons.math.util$FastMath#atanh(double):731;0.0
org.apache.commons.math.util$FastMath#atanh(double):732;0.0
org.apache.commons.math.util$FastMath#atanh(double):733;0.0
org.apache.commons.math.util$FastMath#atanh(double):734;0.0
org.apache.commons.math.util$FastMath#atanh(double):735;0.0
org.apache.commons.math.util$FastMath#atanh(double):737;0.0
org.apache.commons.math.util$FastMath#atanh(double):741;0.0
org.apache.commons.math.util$FastMath#signum(double):750;0.0
org.apache.commons.math.util$FastMath#signum(float):759;0.0
org.apache.commons.math.util$FastMath#nextUp(double):767;0.0
org.apache.commons.math.util$FastMath#nextUp(float):775;0.0
org.apache.commons.math.util$FastMath#random():783;0.0
org.apache.commons.math.util$FastMath#exp(double):807;0.0
org.apache.commons.math.util$FastMath#exp(double,double,double[]):826;0.0
org.apache.commons.math.util$FastMath#exp(double,double,double[]):827;0.0
org.apache.commons.math.util$FastMath#exp(double,double,double[]):829;0.0
org.apache.commons.math.util$FastMath#exp(double,double,double[]):830;0.0
org.apache.commons.math.util$FastMath#exp(double,double,double[]):831;0.0
org.apache.commons.math.util$FastMath#exp(double,double,double[]):832;0.0
org.apache.commons.math.util$FastMath#exp(double,double,double[]):834;0.0
org.apache.commons.math.util$FastMath#exp(double,double,double[]):837;0.0
org.apache.commons.math.util$FastMath#exp(double,double,double[]):839;0.0
org.apache.commons.math.util$FastMath#exp(double,double,double[]):840;0.0
org.apache.commons.math.util$FastMath#exp(double,double,double[]):841;0.0
org.apache.commons.math.util$FastMath#exp(double,double,double[]):842;0.0
org.apache.commons.math.util$FastMath#exp(double,double,double[]):844;0.0
org.apache.commons.math.util$FastMath#exp(double,double,double[]):847;0.0
org.apache.commons.math.util$FastMath#exp(double,double,double[]):849;0.0
org.apache.commons.math.util$FastMath#exp(double,double,double[]):850;0.0
org.apache.commons.math.util$FastMath#exp(double,double,double[]):851;0.0
org.apache.commons.math.util$FastMath#exp(double,double,double[]):852;0.0
org.apache.commons.math.util$FastMath#exp(double,double,double[]):854;0.0
org.apache.commons.math.util$FastMath#exp(double,double,double[]):857;0.0
org.apache.commons.math.util$FastMath#exp(double,double,double[]):859;0.0
org.apache.commons.math.util$FastMath#exp(double,double,double[]):860;0.0
org.apache.commons.math.util$FastMath#exp(double,double,double[]):862;0.0
org.apache.commons.math.util$FastMath#exp(double,double,double[]):864;0.0
org.apache.commons.math.util$FastMath#exp(double,double,double[]):866;0.0
org.apache.commons.math.util$FastMath#exp(double,double,double[]):867;0.0
org.apache.commons.math.util$FastMath#exp(double,double,double[]):868;0.0
org.apache.commons.math.util$FastMath#exp(double,double,double[]):869;0.0
org.apache.commons.math.util$FastMath#exp(double,double,double[]):871;0.0
org.apache.commons.math.util$FastMath#exp(double,double,double[]):874;0.0
org.apache.commons.math.util$FastMath#exp(double,double,double[]):875;0.0
org.apache.commons.math.util$FastMath#exp(double,double,double[]):882;0.0
org.apache.commons.math.util$FastMath#exp(double,double,double[]):883;0.0
org.apache.commons.math.util$FastMath#exp(double,double,double[]):884;0.0
org.apache.commons.math.util$FastMath#exp(double,double,double[]):890;0.0
org.apache.commons.math.util$FastMath#exp(double,double,double[]):899;0.0
org.apache.commons.math.util$FastMath#exp(double,double,double[]):900;0.0
org.apache.commons.math.util$FastMath#exp(double,double,double[]):901;0.0
org.apache.commons.math.util$FastMath#exp(double,double,double[]):902;0.0
org.apache.commons.math.util$FastMath#exp(double,double,double[]):903;0.0
org.apache.commons.math.util$FastMath#exp(double,double,double[]):910;0.0
org.apache.commons.math.util$FastMath#exp(double,double,double[]):911;0.0
org.apache.commons.math.util$FastMath#exp(double,double,double[]):917;0.0
org.apache.commons.math.util$FastMath#exp(double,double,double[]):919;0.0
org.apache.commons.math.util$FastMath#exp(double,double,double[]):920;0.0
org.apache.commons.math.util$FastMath#exp(double,double,double[]):922;0.0
org.apache.commons.math.util$FastMath#exp(double,double,double[]):925;0.0
org.apache.commons.math.util$FastMath#exp(double,double,double[]):927;0.0
org.apache.commons.math.util$FastMath#exp(double,double,double[]):928;0.0
org.apache.commons.math.util$FastMath#exp(double,double,double[]):931;0.0
org.apache.commons.math.util$FastMath#expm1(double):939;0.0
org.apache.commons.math.util$FastMath#expm1(double,double[]):948;0.0
org.apache.commons.math.util$FastMath#expm1(double,double[]):949;0.0
org.apache.commons.math.util$FastMath#expm1(double,double[]):952;0.0
org.apache.commons.math.util$FastMath#expm1(double,double[]):955;0.0
org.apache.commons.math.util$FastMath#expm1(double,double[]):956;0.0
org.apache.commons.math.util$FastMath#expm1(double,double[]):957;0.0
org.apache.commons.math.util$FastMath#expm1(double,double[]):958;0.0
org.apache.commons.math.util$FastMath#expm1(double,double[]):960;0.0
org.apache.commons.math.util$FastMath#expm1(double,double[]):961;0.0
org.apache.commons.math.util$FastMath#expm1(double,double[]):962;0.0
org.apache.commons.math.util$FastMath#expm1(double,double[]):963;0.0
org.apache.commons.math.util$FastMath#expm1(double,double[]):970;0.0
org.apache.commons.math.util$FastMath#expm1(double,double[]):972;0.0
org.apache.commons.math.util$FastMath#expm1(double,double[]):973;0.0
org.apache.commons.math.util$FastMath#expm1(double,double[]):974;0.0
org.apache.commons.math.util$FastMath#expm1(double,double[]):978;0.0
org.apache.commons.math.util$FastMath#expm1(double,double[]):979;0.0
org.apache.commons.math.util$FastMath#expm1(double,double[]):980;0.0
org.apache.commons.math.util$FastMath#expm1(double,double[]):982;0.0
org.apache.commons.math.util$FastMath#expm1(double,double[]):983;0.0
org.apache.commons.math.util$FastMath#expm1(double,double[]):984;0.0
org.apache.commons.math.util$FastMath#expm1(double,double[]):986;0.0
org.apache.commons.math.util$FastMath#expm1(double,double[]):987;0.0
org.apache.commons.math.util$FastMath#expm1(double,double[]):988;0.0
org.apache.commons.math.util$FastMath#expm1(double,double[]):990;0.0
org.apache.commons.math.util$FastMath#expm1(double,double[]):995;0.0
org.apache.commons.math.util$FastMath#expm1(double,double[]):996;0.0
org.apache.commons.math.util$FastMath#expm1(double,double[]):997;0.0
org.apache.commons.math.util$FastMath#expm1(double,double[]):998;0.0
org.apache.commons.math.util$FastMath#expm1(double,double[]):999;0.0
org.apache.commons.math.util$FastMath#expm1(double,double[]):1000;0.0
org.apache.commons.math.util$FastMath#expm1(double,double[]):1002;0.0
org.apache.commons.math.util$FastMath#expm1(double,double[]):1003;0.0
org.apache.commons.math.util$FastMath#expm1(double,double[]):1004;0.0
org.apache.commons.math.util$FastMath#expm1(double,double[]):1005;0.0
org.apache.commons.math.util$FastMath#expm1(double,double[]):1007;0.0
org.apache.commons.math.util$FastMath#expm1(double,double[]):1008;0.0
org.apache.commons.math.util$FastMath#expm1(double,double[]):1009;0.0
org.apache.commons.math.util$FastMath#expm1(double,double[]):1010;0.0
org.apache.commons.math.util$FastMath#expm1(double,double[]):1013;0.0
org.apache.commons.math.util$FastMath#expm1(double,double[]):1015;0.0
org.apache.commons.math.util$FastMath#expm1(double,double[]):1016;0.0
org.apache.commons.math.util$FastMath#expm1(double,double[]):1017;0.0
org.apache.commons.math.util$FastMath#expm1(double,double[]):1019;0.0
org.apache.commons.math.util$FastMath#expm1(double,double[]):1020;0.0
org.apache.commons.math.util$FastMath#expm1(double,double[]):1021;0.0
org.apache.commons.math.util$FastMath#expm1(double,double[]):1023;0.0
org.apache.commons.math.util$FastMath#expm1(double,double[]):1024;0.0
org.apache.commons.math.util$FastMath#expm1(double,double[]):1025;0.0
org.apache.commons.math.util$FastMath#expm1(double,double[]):1029;0.0
org.apache.commons.math.util$FastMath#expm1(double,double[]):1030;0.0
org.apache.commons.math.util$FastMath#expm1(double,double[]):1031;0.0
org.apache.commons.math.util$FastMath#expm1(double,double[]):1033;0.0
org.apache.commons.math.util$FastMath#expm1(double,double[]):1035;0.0
org.apache.commons.math.util$FastMath#expm1(double,double[]):1036;0.0
org.apache.commons.math.util$FastMath#expm1(double,double[]):1038;0.0
org.apache.commons.math.util$FastMath#expm1(double,double[]):1040;0.0
org.apache.commons.math.util$FastMath#expm1(double,double[]):1041;0.0
org.apache.commons.math.util$FastMath#expm1(double,double[]):1043;0.0
org.apache.commons.math.util$FastMath#expm1(double,double[]):1045;0.0
org.apache.commons.math.util$FastMath#expm1(double,double[]):1046;0.0
org.apache.commons.math.util$FastMath#expm1(double,double[]):1048;0.0
org.apache.commons.math.util$FastMath#expm1(double,double[]):1050;0.0
org.apache.commons.math.util$FastMath#expm1(double,double[]):1051;0.0
org.apache.commons.math.util$FastMath#expm1(double,double[]):1052;0.0
org.apache.commons.math.util$FastMath#expm1(double,double[]):1053;0.0
org.apache.commons.math.util$FastMath#expm1(double,double[]):1054;0.0
org.apache.commons.math.util$FastMath#expm1(double,double[]):1055;0.0
org.apache.commons.math.util$FastMath#expm1(double,double[]):1056;0.0
org.apache.commons.math.util$FastMath#expm1(double,double[]):1058;0.0
org.apache.commons.math.util$FastMath#expm1(double,double[]):1059;0.0
org.apache.commons.math.util$FastMath#expm1(double,double[]):1060;0.0
org.apache.commons.math.util$FastMath#expm1(double,double[]):1062;0.0
org.apache.commons.math.util$FastMath#expm1(double,double[]):1073;0.0
org.apache.commons.math.util$FastMath#expm1(double,double[]):1074;0.0
org.apache.commons.math.util$FastMath#expm1(double,double[]):1077;0.0
org.apache.commons.math.util$FastMath#expm1(double,double[]):1078;0.0
org.apache.commons.math.util$FastMath#expm1(double,double[]):1081;0.0
org.apache.commons.math.util$FastMath#expm1(double,double[]):1082;0.0
org.apache.commons.math.util$FastMath#expm1(double,double[]):1083;0.0
org.apache.commons.math.util$FastMath#expm1(double,double[]):1086;0.0
org.apache.commons.math.util$FastMath#log(double):1096;0.0
org.apache.commons.math.util$FastMath#log(double,double[]):1106;0.0
org.apache.commons.math.util$FastMath#log(double,double[]):1107;0.0
org.apache.commons.math.util$FastMath#log(double,double[]):1109;0.0
org.apache.commons.math.util$FastMath#log(double,double[]):1112;0.0
org.apache.commons.math.util$FastMath#log(double,double[]):1113;0.0
org.apache.commons.math.util$FastMath#log(double,double[]):1114;0.0
org.apache.commons.math.util$FastMath#log(double,double[]):1115;0.0
org.apache.commons.math.util$FastMath#log(double,double[]):1118;0.0
org.apache.commons.math.util$FastMath#log(double,double[]):1123;0.0
org.apache.commons.math.util$FastMath#log(double,double[]):1124;0.0
org.apache.commons.math.util$FastMath#log(double,double[]):1125;0.0
org.apache.commons.math.util$FastMath#log(double,double[]):1128;0.0
org.apache.commons.math.util$FastMath#log(double,double[]):1132;0.0
org.apache.commons.math.util$FastMath#log(double,double[]):1134;0.0
org.apache.commons.math.util$FastMath#log(double,double[]):1136;0.0
org.apache.commons.math.util$FastMath#log(double,double[]):1138;0.0
org.apache.commons.math.util$FastMath#log(double,double[]):1139;0.0
org.apache.commons.math.util$FastMath#log(double,double[]):1142;0.0
org.apache.commons.math.util$FastMath#log(double,double[]):1146;0.0
org.apache.commons.math.util$FastMath#log(double,double[]):1147;0.0
org.apache.commons.math.util$FastMath#log(double,double[]):1148;0.0
org.apache.commons.math.util$FastMath#log(double,double[]):1149;0.0
org.apache.commons.math.util$FastMath#log(double,double[]):1154;0.0
org.apache.commons.math.util$FastMath#log(double,double[]):1155;0.0
org.apache.commons.math.util$FastMath#log(double,double[]):1160;0.0
org.apache.commons.math.util$FastMath#log(double,double[]):1161;0.0
org.apache.commons.math.util$FastMath#log(double,double[]):1162;0.0
org.apache.commons.math.util$FastMath#log(double,double[]):1163;0.0
org.apache.commons.math.util$FastMath#log(double,double[]):1164;0.0
org.apache.commons.math.util$FastMath#log(double,double[]):1165;0.0
org.apache.commons.math.util$FastMath#log(double,double[]):1166;0.0
org.apache.commons.math.util$FastMath#log(double,double[]):1168;0.0
org.apache.commons.math.util$FastMath#log(double,double[]):1169;0.0
org.apache.commons.math.util$FastMath#log(double,double[]):1171;0.0
org.apache.commons.math.util$FastMath#log(double,double[]):1173;0.0
org.apache.commons.math.util$FastMath#log(double,double[]):1174;0.0
org.apache.commons.math.util$FastMath#log(double,double[]):1176;0.0
org.apache.commons.math.util$FastMath#log(double,double[]):1177;0.0
org.apache.commons.math.util$FastMath#log(double,double[]):1178;0.0
org.apache.commons.math.util$FastMath#log(double,double[]):1181;0.0
org.apache.commons.math.util$FastMath#log(double,double[]):1182;0.0
org.apache.commons.math.util$FastMath#log(double,double[]):1184;0.0
org.apache.commons.math.util$FastMath#log(double,double[]):1185;0.0
org.apache.commons.math.util$FastMath#log(double,double[]):1186;0.0
org.apache.commons.math.util$FastMath#log(double,double[]):1190;0.0
org.apache.commons.math.util$FastMath#log(double,double[]):1191;0.0
org.apache.commons.math.util$FastMath#log(double,double[]):1193;0.0
org.apache.commons.math.util$FastMath#log(double,double[]):1194;0.0
org.apache.commons.math.util$FastMath#log(double,double[]):1195;0.0
org.apache.commons.math.util$FastMath#log(double,double[]):1197;0.0
org.apache.commons.math.util$FastMath#log(double,double[]):1202;0.0
org.apache.commons.math.util$FastMath#log(double,double[]):1213;0.0
org.apache.commons.math.util$FastMath#log(double,double[]):1215;0.0
org.apache.commons.math.util$FastMath#log(double,double[]):1216;0.0
org.apache.commons.math.util$FastMath#log(double,double[]):1218;0.0
org.apache.commons.math.util$FastMath#log(double,double[]):1220;0.0
org.apache.commons.math.util$FastMath#log(double,double[]):1221;0.0
org.apache.commons.math.util$FastMath#log(double,double[]):1222;0.0
org.apache.commons.math.util$FastMath#log(double,double[]):1223;0.0
org.apache.commons.math.util$FastMath#log(double,double[]):1224;0.0
org.apache.commons.math.util$FastMath#log(double,double[]):1227;0.0
org.apache.commons.math.util$FastMath#log(double,double[]):1228;0.0
org.apache.commons.math.util$FastMath#log(double,double[]):1229;0.0
org.apache.commons.math.util$FastMath#log(double,double[]):1230;0.0
org.apache.commons.math.util$FastMath#log(double,double[]):1233;0.0
org.apache.commons.math.util$FastMath#log(double,double[]):1234;0.0
org.apache.commons.math.util$FastMath#log(double,double[]):1236;0.0
org.apache.commons.math.util$FastMath#log(double,double[]):1238;0.0
org.apache.commons.math.util$FastMath#log(double,double[]):1239;0.0
org.apache.commons.math.util$FastMath#log(double,double[]):1241;0.0
org.apache.commons.math.util$FastMath#log(double,double[]):1242;0.0
org.apache.commons.math.util$FastMath#log(double,double[]):1243;0.0
org.apache.commons.math.util$FastMath#log(double,double[]):1246;0.0
org.apache.commons.math.util$FastMath#log(double,double[]):1247;0.0
org.apache.commons.math.util$FastMath#log(double,double[]):1249;0.0
org.apache.commons.math.util$FastMath#log(double,double[]):1250;0.0
org.apache.commons.math.util$FastMath#log(double,double[]):1251;0.0
org.apache.commons.math.util$FastMath#log(double,double[]):1255;0.0
org.apache.commons.math.util$FastMath#log(double,double[]):1256;0.0
org.apache.commons.math.util$FastMath#log(double,double[]):1264;0.0
org.apache.commons.math.util$FastMath#log(double,double[]):1265;0.0
org.apache.commons.math.util$FastMath#log(double,double[]):1266;0.0
org.apache.commons.math.util$FastMath#log(double,double[]):1269;0.0
org.apache.commons.math.util$FastMath#log(double,double[]):1270;0.0
org.apache.commons.math.util$FastMath#log(double,double[]):1271;0.0
org.apache.commons.math.util$FastMath#log(double,double[]):1272;0.0
org.apache.commons.math.util$FastMath#log(double,double[]):1273;0.0
org.apache.commons.math.util$FastMath#log(double,double[]):1274;0.0
org.apache.commons.math.util$FastMath#log(double,double[]):1275;0.0
org.apache.commons.math.util$FastMath#log(double,double[]):1292;0.0
org.apache.commons.math.util$FastMath#log(double,double[]):1293;0.0
org.apache.commons.math.util$FastMath#log(double,double[]):1294;0.0
org.apache.commons.math.util$FastMath#log(double,double[]):1295;0.0
org.apache.commons.math.util$FastMath#log(double,double[]):1296;0.0
org.apache.commons.math.util$FastMath#log(double,double[]):1297;0.0
org.apache.commons.math.util$FastMath#log(double,double[]):1299;0.0
org.apache.commons.math.util$FastMath#log(double,double[]):1300;0.0
org.apache.commons.math.util$FastMath#log(double,double[]):1301;0.0
org.apache.commons.math.util$FastMath#log(double,double[]):1302;0.0
org.apache.commons.math.util$FastMath#log(double,double[]):1304;0.0
org.apache.commons.math.util$FastMath#log(double,double[]):1305;0.0
org.apache.commons.math.util$FastMath#log(double,double[]):1306;0.0
org.apache.commons.math.util$FastMath#log(double,double[]):1307;0.0
org.apache.commons.math.util$FastMath#log(double,double[]):1309;0.0
org.apache.commons.math.util$FastMath#log(double,double[]):1310;0.0
org.apache.commons.math.util$FastMath#log(double,double[]):1311;0.0
org.apache.commons.math.util$FastMath#log(double,double[]):1312;0.0
org.apache.commons.math.util$FastMath#log(double,double[]):1314;0.0
org.apache.commons.math.util$FastMath#log(double,double[]):1315;0.0
org.apache.commons.math.util$FastMath#log(double,double[]):1316;0.0
org.apache.commons.math.util$FastMath#log(double,double[]):1317;0.0
org.apache.commons.math.util$FastMath#log(double,double[]):1319;0.0
org.apache.commons.math.util$FastMath#log(double,double[]):1320;0.0
org.apache.commons.math.util$FastMath#log(double,double[]):1321;0.0
org.apache.commons.math.util$FastMath#log(double,double[]):1324;0.0
org.apache.commons.math.util$FastMath#log1p(double):1333;0.0
org.apache.commons.math.util$FastMath#log1p(double):1334;0.0
org.apache.commons.math.util$FastMath#log1p(double):1337;0.0
org.apache.commons.math.util$FastMath#log1p(double):1338;0.0
org.apache.commons.math.util$FastMath#log1p(double):1341;0.0
org.apache.commons.math.util$FastMath#log1p(double):1342;0.0
org.apache.commons.math.util$FastMath#log1p(double):1343;0.0
org.apache.commons.math.util$FastMath#log1p(double):1345;0.0
org.apache.commons.math.util$FastMath#log1p(double):1347;0.0
org.apache.commons.math.util$FastMath#log1p(double):1348;0.0
org.apache.commons.math.util$FastMath#log1p(double):1349;0.0
org.apache.commons.math.util$FastMath#log1p(double):1354;0.0
org.apache.commons.math.util$FastMath#log1p(double):1356;0.0
org.apache.commons.math.util$FastMath#log1p(double):1357;0.0
org.apache.commons.math.util$FastMath#log1p(double):1359;0.0
org.apache.commons.math.util$FastMath#log1p(double):1363;0.0
org.apache.commons.math.util$FastMath#log1p(double):1364;0.0
org.apache.commons.math.util$FastMath#log1p(double):1365;0.0
org.apache.commons.math.util$FastMath#log1p(double):1367;0.0
org.apache.commons.math.util$FastMath#log10(double):1375;0.0
org.apache.commons.math.util$FastMath#log10(double):1377;0.0
org.apache.commons.math.util$FastMath#log10(double):1378;0.0
org.apache.commons.math.util$FastMath#log10(double):1379;0.0
org.apache.commons.math.util$FastMath#log10(double):1382;0.0
org.apache.commons.math.util$FastMath#log10(double):1383;0.0
org.apache.commons.math.util$FastMath#log10(double):1384;0.0
org.apache.commons.math.util$FastMath#log10(double):1386;0.0
org.apache.commons.math.util$FastMath#log10(double):1387;0.0
org.apache.commons.math.util$FastMath#log10(double):1389;0.0
org.apache.commons.math.util$FastMath#log(double,double):1409;0.0
org.apache.commons.math.util$FastMath#pow(double,double):1420;0.0
org.apache.commons.math.util$FastMath#pow(double,double):1422;0.0
org.apache.commons.math.util$FastMath#pow(double,double):1423;0.0
org.apache.commons.math.util$FastMath#pow(double,double):1426;0.0
org.apache.commons.math.util$FastMath#pow(double,double):1427;0.0
org.apache.commons.math.util$FastMath#pow(double,double):1431;0.0
org.apache.commons.math.util$FastMath#pow(double,double):1432;0.0
org.apache.commons.math.util$FastMath#pow(double,double):1433;0.0
org.apache.commons.math.util$FastMath#pow(double,double):1435;0.0
org.apache.commons.math.util$FastMath#pow(double,double):1437;0.0
org.apache.commons.math.util$FastMath#pow(double,double):1438;0.0
org.apache.commons.math.util$FastMath#pow(double,double):1441;0.0
org.apache.commons.math.util$FastMath#pow(double,double):1442;0.0
org.apache.commons.math.util$FastMath#pow(double,double):1446;0.0
org.apache.commons.math.util$FastMath#pow(double,double):1447;0.0
org.apache.commons.math.util$FastMath#pow(double,double):1449;0.0
org.apache.commons.math.util$FastMath#pow(double,double):1450;0.0
org.apache.commons.math.util$FastMath#pow(double,double):1453;0.0
org.apache.commons.math.util$FastMath#pow(double,double):1456;0.0
org.apache.commons.math.util$FastMath#pow(double,double):1457;0.0
org.apache.commons.math.util$FastMath#pow(double,double):1458;0.0
org.apache.commons.math.util$FastMath#pow(double,double):1460;0.0
org.apache.commons.math.util$FastMath#pow(double,double):1461;0.0
org.apache.commons.math.util$FastMath#pow(double,double):1463;0.0
org.apache.commons.math.util$FastMath#pow(double,double):1467;0.0
org.apache.commons.math.util$FastMath#pow(double,double):1468;0.0
org.apache.commons.math.util$FastMath#pow(double,double):1469;0.0
org.apache.commons.math.util$FastMath#pow(double,double):1472;0.0
org.apache.commons.math.util$FastMath#pow(double,double):1473;0.0
org.apache.commons.math.util$FastMath#pow(double,double):1475;0.0
org.apache.commons.math.util$FastMath#pow(double,double):1479;0.0
org.apache.commons.math.util$FastMath#pow(double,double):1480;0.0
org.apache.commons.math.util$FastMath#pow(double,double):1481;0.0
org.apache.commons.math.util$FastMath#pow(double,double):1484;0.0
org.apache.commons.math.util$FastMath#pow(double,double):1485;0.0
org.apache.commons.math.util$FastMath#pow(double,double):1486;0.0
org.apache.commons.math.util$FastMath#pow(double,double):1487;0.0
org.apache.commons.math.util$FastMath#pow(double,double):1490;0.0
org.apache.commons.math.util$FastMath#pow(double,double):1493;0.0
org.apache.commons.math.util$FastMath#pow(double,double):1494;0.0
org.apache.commons.math.util$FastMath#pow(double,double):1495;0.0
org.apache.commons.math.util$FastMath#pow(double,double):1496;0.0
org.apache.commons.math.util$FastMath#pow(double,double):1499;0.0
org.apache.commons.math.util$FastMath#pow(double,double):1503;0.0
org.apache.commons.math.util$FastMath#pow(double,double):1505;0.0
org.apache.commons.math.util$FastMath#pow(double,double):1506;0.0
org.apache.commons.math.util$FastMath#pow(double,double):1509;0.0
org.apache.commons.math.util$FastMath#pow(double,double):1510;0.0
org.apache.commons.math.util$FastMath#pow(double,double):1512;0.0
org.apache.commons.math.util$FastMath#pow(double,double):1517;0.0
org.apache.commons.math.util$FastMath#pow(double,double):1519;0.0
org.apache.commons.math.util$FastMath#pow(double,double):1520;0.0
org.apache.commons.math.util$FastMath#pow(double,double):1523;0.0
org.apache.commons.math.util$FastMath#pow(double,double):1525;0.0
org.apache.commons.math.util$FastMath#pow(double,double):1527;0.0
org.apache.commons.math.util$FastMath#pow(double,double):1534;0.0
org.apache.commons.math.util$FastMath#pow(double,double):1535;0.0
org.apache.commons.math.util$FastMath#pow(double,double):1536;0.0
org.apache.commons.math.util$FastMath#pow(double,double):1537;0.0
org.apache.commons.math.util$FastMath#pow(double,double):1538;0.0
org.apache.commons.math.util$FastMath#pow(double,double):1539;0.0
org.apache.commons.math.util$FastMath#pow(double,double):1540;0.0
org.apache.commons.math.util$FastMath#pow(double,double):1541;0.0
org.apache.commons.math.util$FastMath#pow(double,double):1542;0.0
org.apache.commons.math.util$FastMath#pow(double,double):1546;0.0
org.apache.commons.math.util$FastMath#pow(double,double):1547;0.0
org.apache.commons.math.util$FastMath#pow(double,double):1548;0.0
org.apache.commons.math.util$FastMath#pow(double,double):1551;0.0
org.apache.commons.math.util$FastMath#pow(double,double):1552;0.0
org.apache.commons.math.util$FastMath#pow(double,double):1555;0.0
org.apache.commons.math.util$FastMath#pow(double,double):1556;0.0
org.apache.commons.math.util$FastMath#pow(double,double):1557;0.0
org.apache.commons.math.util$FastMath#pow(double,double):1558;0.0
org.apache.commons.math.util$FastMath#pow(double,double):1561;0.0
org.apache.commons.math.util$FastMath#pow(double,double):1562;0.0
org.apache.commons.math.util$FastMath#pow(double,double):1564;0.0
org.apache.commons.math.util$FastMath#pow(double,double):1565;0.0
org.apache.commons.math.util$FastMath#pow(double,double):1567;0.0
org.apache.commons.math.util$FastMath#pow(double,double):1568;0.0
org.apache.commons.math.util$FastMath#pow(double,double):1569;0.0
org.apache.commons.math.util$FastMath#pow(double,double):1570;0.0
org.apache.commons.math.util$FastMath#pow(double,double):1571;0.0
org.apache.commons.math.util$FastMath#pow(double,double):1572;0.0
org.apache.commons.math.util$FastMath#pow(double,double):1574;0.0
org.apache.commons.math.util$FastMath#pow(double,double):1576;0.0
org.apache.commons.math.util$FastMath#polySine(double):1588;0.0
org.apache.commons.math.util$FastMath#polySine(double):1590;0.0
org.apache.commons.math.util$FastMath#polySine(double):1591;0.0
org.apache.commons.math.util$FastMath#polySine(double):1592;0.0
org.apache.commons.math.util$FastMath#polySine(double):1593;0.0
org.apache.commons.math.util$FastMath#polySine(double):1596;0.0
org.apache.commons.math.util$FastMath#polySine(double):1598;0.0
org.apache.commons.math.util$FastMath#polyCosine(double):1608;0.0
org.apache.commons.math.util$FastMath#polyCosine(double):1610;0.0
org.apache.commons.math.util$FastMath#polyCosine(double):1611;0.0
org.apache.commons.math.util$FastMath#polyCosine(double):1612;0.0
org.apache.commons.math.util$FastMath#polyCosine(double):1613;0.0
org.apache.commons.math.util$FastMath#polyCosine(double):1614;0.0
org.apache.commons.math.util$FastMath#polyCosine(double):1616;0.0
org.apache.commons.math.util$FastMath#sinQ(double,double):1627;0.0
org.apache.commons.math.util$FastMath#sinQ(double,double):1628;0.0
org.apache.commons.math.util$FastMath#sinQ(double,double):1631;0.0
org.apache.commons.math.util$FastMath#sinQ(double,double):1632;0.0
org.apache.commons.math.util$FastMath#sinQ(double,double):1633;0.0
org.apache.commons.math.util$FastMath#sinQ(double,double):1634;0.0
org.apache.commons.math.util$FastMath#sinQ(double,double):1637;0.0
org.apache.commons.math.util$FastMath#sinQ(double,double):1638;0.0
org.apache.commons.math.util$FastMath#sinQ(double,double):1639;0.0
org.apache.commons.math.util$FastMath#sinQ(double,double):1640;0.0
org.apache.commons.math.util$FastMath#sinQ(double,double):1643;0.0
org.apache.commons.math.util$FastMath#sinQ(double,double):1644;0.0
org.apache.commons.math.util$FastMath#sinQ(double,double):1645;0.0
org.apache.commons.math.util$FastMath#sinQ(double,double):1646;0.0
org.apache.commons.math.util$FastMath#sinQ(double,double):1672;0.0
org.apache.commons.math.util$FastMath#sinQ(double,double):1673;0.0
org.apache.commons.math.util$FastMath#sinQ(double,double):1675;0.0
org.apache.commons.math.util$FastMath#sinQ(double,double):1676;0.0
org.apache.commons.math.util$FastMath#sinQ(double,double):1677;0.0
org.apache.commons.math.util$FastMath#sinQ(double,double):1678;0.0
org.apache.commons.math.util$FastMath#sinQ(double,double):1679;0.0
org.apache.commons.math.util$FastMath#sinQ(double,double):1681;0.0
org.apache.commons.math.util$FastMath#sinQ(double,double):1682;0.0
org.apache.commons.math.util$FastMath#sinQ(double,double):1683;0.0
org.apache.commons.math.util$FastMath#sinQ(double,double):1684;0.0
org.apache.commons.math.util$FastMath#sinQ(double,double):1685;0.0
org.apache.commons.math.util$FastMath#sinQ(double,double):1687;0.0
org.apache.commons.math.util$FastMath#sinQ(double,double):1702;0.0
org.apache.commons.math.util$FastMath#sinQ(double,double):1729;0.0
org.apache.commons.math.util$FastMath#sinQ(double,double):1730;0.0
org.apache.commons.math.util$FastMath#sinQ(double,double):1732;0.0
org.apache.commons.math.util$FastMath#sinQ(double,double):1733;0.0
org.apache.commons.math.util$FastMath#sinQ(double,double):1734;0.0
org.apache.commons.math.util$FastMath#sinQ(double,double):1735;0.0
org.apache.commons.math.util$FastMath#sinQ(double,double):1738;0.0
org.apache.commons.math.util$FastMath#sinQ(double,double):1740;0.0
org.apache.commons.math.util$FastMath#cosQ(double,double):1751;0.0
org.apache.commons.math.util$FastMath#cosQ(double,double):1752;0.0
org.apache.commons.math.util$FastMath#cosQ(double,double):1754;0.0
org.apache.commons.math.util$FastMath#cosQ(double,double):1755;0.0
org.apache.commons.math.util$FastMath#cosQ(double,double):1756;0.0
org.apache.commons.math.util$FastMath#cosQ(double,double):1758;0.0
org.apache.commons.math.util$FastMath#tanQ(double,double,boolean):1771;0.0
org.apache.commons.math.util$FastMath#tanQ(double,double,boolean):1772;0.0
org.apache.commons.math.util$FastMath#tanQ(double,double,boolean):1775;0.0
org.apache.commons.math.util$FastMath#tanQ(double,double,boolean):1776;0.0
org.apache.commons.math.util$FastMath#tanQ(double,double,boolean):1777;0.0
org.apache.commons.math.util$FastMath#tanQ(double,double,boolean):1778;0.0
org.apache.commons.math.util$FastMath#tanQ(double,double,boolean):1781;0.0
org.apache.commons.math.util$FastMath#tanQ(double,double,boolean):1782;0.0
org.apache.commons.math.util$FastMath#tanQ(double,double,boolean):1783;0.0
org.apache.commons.math.util$FastMath#tanQ(double,double,boolean):1784;0.0
org.apache.commons.math.util$FastMath#tanQ(double,double,boolean):1787;0.0
org.apache.commons.math.util$FastMath#tanQ(double,double,boolean):1788;0.0
org.apache.commons.math.util$FastMath#tanQ(double,double,boolean):1789;0.0
org.apache.commons.math.util$FastMath#tanQ(double,double,boolean):1790;0.0
org.apache.commons.math.util$FastMath#tanQ(double,double,boolean):1815;0.0
org.apache.commons.math.util$FastMath#tanQ(double,double,boolean):1816;0.0
org.apache.commons.math.util$FastMath#tanQ(double,double,boolean):1819;0.0
org.apache.commons.math.util$FastMath#tanQ(double,double,boolean):1820;0.0
org.apache.commons.math.util$FastMath#tanQ(double,double,boolean):1821;0.0
org.apache.commons.math.util$FastMath#tanQ(double,double,boolean):1822;0.0
org.apache.commons.math.util$FastMath#tanQ(double,double,boolean):1823;0.0
org.apache.commons.math.util$FastMath#tanQ(double,double,boolean):1825;0.0
org.apache.commons.math.util$FastMath#tanQ(double,double,boolean):1826;0.0
org.apache.commons.math.util$FastMath#tanQ(double,double,boolean):1827;0.0
org.apache.commons.math.util$FastMath#tanQ(double,double,boolean):1828;0.0
org.apache.commons.math.util$FastMath#tanQ(double,double,boolean):1829;0.0
org.apache.commons.math.util$FastMath#tanQ(double,double,boolean):1831;0.0
org.apache.commons.math.util$FastMath#tanQ(double,double,boolean):1832;0.0
org.apache.commons.math.util$FastMath#tanQ(double,double,boolean):1834;0.0
org.apache.commons.math.util$FastMath#tanQ(double,double,boolean):1835;0.0
org.apache.commons.math.util$FastMath#tanQ(double,double,boolean):1839;0.0
org.apache.commons.math.util$FastMath#tanQ(double,double,boolean):1841;0.0
org.apache.commons.math.util$FastMath#tanQ(double,double,boolean):1842;0.0
org.apache.commons.math.util$FastMath#tanQ(double,double,boolean):1843;0.0
org.apache.commons.math.util$FastMath#tanQ(double,double,boolean):1844;0.0
org.apache.commons.math.util$FastMath#tanQ(double,double,boolean):1845;0.0
org.apache.commons.math.util$FastMath#tanQ(double,double,boolean):1847;0.0
org.apache.commons.math.util$FastMath#tanQ(double,double,boolean):1848;0.0
org.apache.commons.math.util$FastMath#tanQ(double,double,boolean):1849;0.0
org.apache.commons.math.util$FastMath#tanQ(double,double,boolean):1850;0.0
org.apache.commons.math.util$FastMath#tanQ(double,double,boolean):1851;0.0
org.apache.commons.math.util$FastMath#tanQ(double,double,boolean):1853;0.0
org.apache.commons.math.util$FastMath#tanQ(double,double,boolean):1854;0.0
org.apache.commons.math.util$FastMath#tanQ(double,double,boolean):1856;0.0
org.apache.commons.math.util$FastMath#tanQ(double,double,boolean):1857;0.0
org.apache.commons.math.util$FastMath#tanQ(double,double,boolean):1859;0.0
org.apache.commons.math.util$FastMath#tanQ(double,double,boolean):1861;0.0
org.apache.commons.math.util$FastMath#tanQ(double,double,boolean):1862;0.0
org.apache.commons.math.util$FastMath#tanQ(double,double,boolean):1876;0.0
org.apache.commons.math.util$FastMath#tanQ(double,double,boolean):1879;0.0
org.apache.commons.math.util$FastMath#tanQ(double,double,boolean):1880;0.0
org.apache.commons.math.util$FastMath#tanQ(double,double,boolean):1881;0.0
org.apache.commons.math.util$FastMath#tanQ(double,double,boolean):1883;0.0
org.apache.commons.math.util$FastMath#tanQ(double,double,boolean):1884;0.0
org.apache.commons.math.util$FastMath#tanQ(double,double,boolean):1885;0.0
org.apache.commons.math.util$FastMath#tanQ(double,double,boolean):1888;0.0
org.apache.commons.math.util$FastMath#tanQ(double,double,boolean):1889;0.0
org.apache.commons.math.util$FastMath#tanQ(double,double,boolean):1890;0.0
org.apache.commons.math.util$FastMath#tanQ(double,double,boolean):1892;0.0
org.apache.commons.math.util$FastMath#tanQ(double,double,boolean):1895;0.0
org.apache.commons.math.util$FastMath#tanQ(double,double,boolean):1896;0.0
org.apache.commons.math.util$FastMath#tanQ(double,double,boolean):1897;0.0
org.apache.commons.math.util$FastMath#tanQ(double,double,boolean):1900;0.0
org.apache.commons.math.util$FastMath#tanQ(double,double,boolean):1903;0.0
org.apache.commons.math.util$FastMath#reducePayneHanek(double,double[]):1920;0.0
org.apache.commons.math.util$FastMath#reducePayneHanek(double,double[]):1921;0.0
org.apache.commons.math.util$FastMath#reducePayneHanek(double,double[]):1924;0.0
org.apache.commons.math.util$FastMath#reducePayneHanek(double,double[]):1925;0.0
org.apache.commons.math.util$FastMath#reducePayneHanek(double,double[]):1928;0.0
org.apache.commons.math.util$FastMath#reducePayneHanek(double,double[]):1929;0.0
org.apache.commons.math.util$FastMath#reducePayneHanek(double,double[]):1935;0.0
org.apache.commons.math.util$FastMath#reducePayneHanek(double,double[]):1936;0.0
org.apache.commons.math.util$FastMath#reducePayneHanek(double,double[]):1938;0.0
org.apache.commons.math.util$FastMath#reducePayneHanek(double,double[]):1939;0.0
org.apache.commons.math.util$FastMath#reducePayneHanek(double,double[]):1940;0.0
org.apache.commons.math.util$FastMath#reducePayneHanek(double,double[]):1941;0.0
org.apache.commons.math.util$FastMath#reducePayneHanek(double,double[]):1942;0.0
org.apache.commons.math.util$FastMath#reducePayneHanek(double,double[]):1944;0.0
org.apache.commons.math.util$FastMath#reducePayneHanek(double,double[]):1945;0.0
org.apache.commons.math.util$FastMath#reducePayneHanek(double,double[]):1946;0.0
org.apache.commons.math.util$FastMath#reducePayneHanek(double,double[]):1950;0.0
org.apache.commons.math.util$FastMath#reducePayneHanek(double,double[]):1951;0.0
org.apache.commons.math.util$FastMath#reducePayneHanek(double,double[]):1953;0.0
org.apache.commons.math.util$FastMath#reducePayneHanek(double,double[]):1954;0.0
org.apache.commons.math.util$FastMath#reducePayneHanek(double,double[]):1956;0.0
org.apache.commons.math.util$FastMath#reducePayneHanek(double,double[]):1957;0.0
org.apache.commons.math.util$FastMath#reducePayneHanek(double,double[]):1958;0.0
org.apache.commons.math.util$FastMath#reducePayneHanek(double,double[]):1959;0.0
org.apache.commons.math.util$FastMath#reducePayneHanek(double,double[]):1961;0.0
org.apache.commons.math.util$FastMath#reducePayneHanek(double,double[]):1962;0.0
org.apache.commons.math.util$FastMath#reducePayneHanek(double,double[]):1964;0.0
org.apache.commons.math.util$FastMath#reducePayneHanek(double,double[]):1965;0.0
org.apache.commons.math.util$FastMath#reducePayneHanek(double,double[]):1966;0.0
org.apache.commons.math.util$FastMath#reducePayneHanek(double,double[]):1969;0.0
org.apache.commons.math.util$FastMath#reducePayneHanek(double,double[]):1971;0.0
org.apache.commons.math.util$FastMath#reducePayneHanek(double,double[]):1974;0.0
org.apache.commons.math.util$FastMath#reducePayneHanek(double,double[]):1975;0.0
org.apache.commons.math.util$FastMath#reducePayneHanek(double,double[]):1977;0.0
org.apache.commons.math.util$FastMath#reducePayneHanek(double,double[]):1978;0.0
org.apache.commons.math.util$FastMath#reducePayneHanek(double,double[]):1980;0.0
org.apache.commons.math.util$FastMath#reducePayneHanek(double,double[]):1983;0.0
org.apache.commons.math.util$FastMath#reducePayneHanek(double,double[]):1985;0.0
org.apache.commons.math.util$FastMath#reducePayneHanek(double,double[]):1989;0.0
org.apache.commons.math.util$FastMath#reducePayneHanek(double,double[]):1990;0.0
org.apache.commons.math.util$FastMath#reducePayneHanek(double,double[]):1991;0.0
org.apache.commons.math.util$FastMath#reducePayneHanek(double,double[]):1992;0.0
org.apache.commons.math.util$FastMath#reducePayneHanek(double,double[]):1993;0.0
org.apache.commons.math.util$FastMath#reducePayneHanek(double,double[]):1996;0.0
org.apache.commons.math.util$FastMath#reducePayneHanek(double,double[]):1998;0.0
org.apache.commons.math.util$FastMath#reducePayneHanek(double,double[]):1999;0.0
org.apache.commons.math.util$FastMath#reducePayneHanek(double,double[]):2000;0.0
org.apache.commons.math.util$FastMath#reducePayneHanek(double,double[]):2001;0.0
org.apache.commons.math.util$FastMath#reducePayneHanek(double,double[]):2003;0.0
org.apache.commons.math.util$FastMath#reducePayneHanek(double,double[]):2005;0.0
org.apache.commons.math.util$FastMath#reducePayneHanek(double,double[]):2009;0.0
org.apache.commons.math.util$FastMath#reducePayneHanek(double,double[]):2010;0.0
org.apache.commons.math.util$FastMath#reducePayneHanek(double,double[]):2012;0.0
org.apache.commons.math.util$FastMath#reducePayneHanek(double,double[]):2013;0.0
org.apache.commons.math.util$FastMath#reducePayneHanek(double,double[]):2014;0.0
org.apache.commons.math.util$FastMath#reducePayneHanek(double,double[]):2016;0.0
org.apache.commons.math.util$FastMath#reducePayneHanek(double,double[]):2028;0.0
org.apache.commons.math.util$FastMath#reducePayneHanek(double,double[]):2031;0.0
org.apache.commons.math.util$FastMath#reducePayneHanek(double,double[]):2032;0.0
org.apache.commons.math.util$FastMath#reducePayneHanek(double,double[]):2033;0.0
org.apache.commons.math.util$FastMath#reducePayneHanek(double,double[]):2036;0.0
org.apache.commons.math.util$FastMath#reducePayneHanek(double,double[]):2037;0.0
org.apache.commons.math.util$FastMath#reducePayneHanek(double,double[]):2039;0.0
org.apache.commons.math.util$FastMath#reducePayneHanek(double,double[]):2040;0.0
org.apache.commons.math.util$FastMath#reducePayneHanek(double,double[]):2042;0.0
org.apache.commons.math.util$FastMath#reducePayneHanek(double,double[]):2043;0.0
org.apache.commons.math.util$FastMath#reducePayneHanek(double,double[]):2044;0.0
org.apache.commons.math.util$FastMath#reducePayneHanek(double,double[]):2045;0.0
org.apache.commons.math.util$FastMath#reducePayneHanek(double,double[]):2047;0.0
org.apache.commons.math.util$FastMath#reducePayneHanek(double,double[]):2048;0.0
org.apache.commons.math.util$FastMath#reducePayneHanek(double,double[]):2050;0.0
org.apache.commons.math.util$FastMath#reducePayneHanek(double,double[]):2051;0.0
org.apache.commons.math.util$FastMath#reducePayneHanek(double,double[]):2052;0.0
org.apache.commons.math.util$FastMath#reducePayneHanek(double,double[]):2055;0.0
org.apache.commons.math.util$FastMath#reducePayneHanek(double,double[]):2057;0.0
org.apache.commons.math.util$FastMath#reducePayneHanek(double,double[]):2060;0.0
org.apache.commons.math.util$FastMath#reducePayneHanek(double,double[]):2061;0.0
org.apache.commons.math.util$FastMath#reducePayneHanek(double,double[]):2063;0.0
org.apache.commons.math.util$FastMath#reducePayneHanek(double,double[]):2064;0.0
org.apache.commons.math.util$FastMath#reducePayneHanek(double,double[]):2066;0.0
org.apache.commons.math.util$FastMath#reducePayneHanek(double,double[]):2069;0.0
org.apache.commons.math.util$FastMath#reducePayneHanek(double,double[]):2071;0.0
org.apache.commons.math.util$FastMath#reducePayneHanek(double,double[]):2075;0.0
org.apache.commons.math.util$FastMath#reducePayneHanek(double,double[]):2076;0.0
org.apache.commons.math.util$FastMath#reducePayneHanek(double,double[]):2077;0.0
org.apache.commons.math.util$FastMath#reducePayneHanek(double,double[]):2078;0.0
org.apache.commons.math.util$FastMath#reducePayneHanek(double,double[]):2079;0.0
org.apache.commons.math.util$FastMath#reducePayneHanek(double,double[]):2082;0.0
org.apache.commons.math.util$FastMath#reducePayneHanek(double,double[]):2084;0.0
org.apache.commons.math.util$FastMath#reducePayneHanek(double,double[]):2085;0.0
org.apache.commons.math.util$FastMath#reducePayneHanek(double,double[]):2086;0.0
org.apache.commons.math.util$FastMath#reducePayneHanek(double,double[]):2087;0.0
org.apache.commons.math.util$FastMath#reducePayneHanek(double,double[]):2089;0.0
org.apache.commons.math.util$FastMath#reducePayneHanek(double,double[]):2091;0.0
org.apache.commons.math.util$FastMath#reducePayneHanek(double,double[]):2095;0.0
org.apache.commons.math.util$FastMath#reducePayneHanek(double,double[]):2096;0.0
org.apache.commons.math.util$FastMath#reducePayneHanek(double,double[]):2097;0.0
org.apache.commons.math.util$FastMath#reducePayneHanek(double,double[]):2098;0.0
org.apache.commons.math.util$FastMath#reducePayneHanek(double,double[]):2099;0.0
org.apache.commons.math.util$FastMath#reducePayneHanek(double,double[]):2100;0.0
org.apache.commons.math.util$FastMath#reducePayneHanek(double,double[]):2101;0.0
org.apache.commons.math.util$FastMath#reducePayneHanek(double,double[]):2104;0.0
org.apache.commons.math.util$FastMath#reducePayneHanek(double,double[]):2106;0.0
org.apache.commons.math.util$FastMath#reducePayneHanek(double,double[]):2107;0.0
org.apache.commons.math.util$FastMath#reducePayneHanek(double,double[]):2108;0.0
org.apache.commons.math.util$FastMath#reducePayneHanek(double,double[]):2109;0.0
org.apache.commons.math.util$FastMath#reducePayneHanek(double,double[]):2111;0.0
org.apache.commons.math.util$FastMath#reducePayneHanek(double,double[]):2113;0.0
org.apache.commons.math.util$FastMath#reducePayneHanek(double,double[]):2117;0.0
org.apache.commons.math.util$FastMath#reducePayneHanek(double,double[]):2118;0.0
org.apache.commons.math.util$FastMath#reducePayneHanek(double,double[]):2120;0.0
org.apache.commons.math.util$FastMath#reducePayneHanek(double,double[]):2121;0.0
org.apache.commons.math.util$FastMath#reducePayneHanek(double,double[]):2124;0.0
org.apache.commons.math.util$FastMath#reducePayneHanek(double,double[]):2125;0.0
org.apache.commons.math.util$FastMath#reducePayneHanek(double,double[]):2126;0.0
org.apache.commons.math.util$FastMath#reducePayneHanek(double,double[]):2127;0.0
org.apache.commons.math.util$FastMath#sin(double):2135;0.0
org.apache.commons.math.util$FastMath#sin(double):2136;0.0
org.apache.commons.math.util$FastMath#sin(double):2138;0.0
org.apache.commons.math.util$FastMath#sin(double):2141;0.0
org.apache.commons.math.util$FastMath#sin(double):2142;0.0
org.apache.commons.math.util$FastMath#sin(double):2143;0.0
org.apache.commons.math.util$FastMath#sin(double):2144;0.0
org.apache.commons.math.util$FastMath#sin(double):2148;0.0
org.apache.commons.math.util$FastMath#sin(double):2149;0.0
org.apache.commons.math.util$FastMath#sin(double):2150;0.0
org.apache.commons.math.util$FastMath#sin(double):2151;0.0
org.apache.commons.math.util$FastMath#sin(double):2153;0.0
org.apache.commons.math.util$FastMath#sin(double):2156;0.0
org.apache.commons.math.util$FastMath#sin(double):2157;0.0
org.apache.commons.math.util$FastMath#sin(double):2161;0.0
org.apache.commons.math.util$FastMath#sin(double):2165;0.0
org.apache.commons.math.util$FastMath#sin(double):2166;0.0
org.apache.commons.math.util$FastMath#sin(double):2167;0.0
org.apache.commons.math.util$FastMath#sin(double):2168;0.0
org.apache.commons.math.util$FastMath#sin(double):2169;0.0
org.apache.commons.math.util$FastMath#sin(double):2170;0.0
org.apache.commons.math.util$FastMath#sin(double):2175;0.0
org.apache.commons.math.util$FastMath#sin(double):2181;0.0
org.apache.commons.math.util$FastMath#sin(double):2182;0.0
org.apache.commons.math.util$FastMath#sin(double):2183;0.0
org.apache.commons.math.util$FastMath#sin(double):2185;0.0
org.apache.commons.math.util$FastMath#sin(double):2186;0.0
org.apache.commons.math.util$FastMath#sin(double):2187;0.0
org.apache.commons.math.util$FastMath#sin(double):2188;0.0
org.apache.commons.math.util$FastMath#sin(double):2190;0.0
org.apache.commons.math.util$FastMath#sin(double):2191;0.0
org.apache.commons.math.util$FastMath#sin(double):2192;0.0
org.apache.commons.math.util$FastMath#sin(double):2193;0.0
org.apache.commons.math.util$FastMath#sin(double):2195;0.0
org.apache.commons.math.util$FastMath#sin(double):2196;0.0
org.apache.commons.math.util$FastMath#sin(double):2202;0.0
org.apache.commons.math.util$FastMath#sin(double):2203;0.0
org.apache.commons.math.util$FastMath#sin(double):2204;0.0
org.apache.commons.math.util$FastMath#sin(double):2205;0.0
org.apache.commons.math.util$FastMath#sin(double):2206;0.0
org.apache.commons.math.util$FastMath#sin(double):2209;0.0
org.apache.commons.math.util$FastMath#sin(double):2210;0.0
org.apache.commons.math.util$FastMath#sin(double):2213;0.0
org.apache.commons.math.util$FastMath#sin(double):2215;0.0
org.apache.commons.math.util$FastMath#sin(double):2217;0.0
org.apache.commons.math.util$FastMath#sin(double):2219;0.0
org.apache.commons.math.util$FastMath#sin(double):2221;0.0
org.apache.commons.math.util$FastMath#sin(double):2223;0.0
org.apache.commons.math.util$FastMath#cos(double):2233;0.0
org.apache.commons.math.util$FastMath#cos(double):2236;0.0
org.apache.commons.math.util$FastMath#cos(double):2237;0.0
org.apache.commons.math.util$FastMath#cos(double):2238;0.0
org.apache.commons.math.util$FastMath#cos(double):2241;0.0
org.apache.commons.math.util$FastMath#cos(double):2242;0.0
org.apache.commons.math.util$FastMath#cos(double):2246;0.0
org.apache.commons.math.util$FastMath#cos(double):2247;0.0
org.apache.commons.math.util$FastMath#cos(double):2251;0.0
org.apache.commons.math.util$FastMath#cos(double):2252;0.0
org.apache.commons.math.util$FastMath#cos(double):2253;0.0
org.apache.commons.math.util$FastMath#cos(double):2254;0.0
org.apache.commons.math.util$FastMath#cos(double):2255;0.0
org.apache.commons.math.util$FastMath#cos(double):2256;0.0
org.apache.commons.math.util$FastMath#cos(double):2261;0.0
org.apache.commons.math.util$FastMath#cos(double):2267;0.0
org.apache.commons.math.util$FastMath#cos(double):2268;0.0
org.apache.commons.math.util$FastMath#cos(double):2269;0.0
org.apache.commons.math.util$FastMath#cos(double):2271;0.0
org.apache.commons.math.util$FastMath#cos(double):2272;0.0
org.apache.commons.math.util$FastMath#cos(double):2273;0.0
org.apache.commons.math.util$FastMath#cos(double):2274;0.0
org.apache.commons.math.util$FastMath#cos(double):2276;0.0
org.apache.commons.math.util$FastMath#cos(double):2277;0.0
org.apache.commons.math.util$FastMath#cos(double):2278;0.0
org.apache.commons.math.util$FastMath#cos(double):2279;0.0
org.apache.commons.math.util$FastMath#cos(double):2281;0.0
org.apache.commons.math.util$FastMath#cos(double):2282;0.0
org.apache.commons.math.util$FastMath#cos(double):2288;0.0
org.apache.commons.math.util$FastMath#cos(double):2289;0.0
org.apache.commons.math.util$FastMath#cos(double):2290;0.0
org.apache.commons.math.util$FastMath#cos(double):2291;0.0
org.apache.commons.math.util$FastMath#cos(double):2292;0.0
org.apache.commons.math.util$FastMath#cos(double):2298;0.0
org.apache.commons.math.util$FastMath#cos(double):2300;0.0
org.apache.commons.math.util$FastMath#cos(double):2302;0.0
org.apache.commons.math.util$FastMath#cos(double):2304;0.0
org.apache.commons.math.util$FastMath#cos(double):2306;0.0
org.apache.commons.math.util$FastMath#cos(double):2308;0.0
org.apache.commons.math.util$FastMath#tan(double):2318;0.0
org.apache.commons.math.util$FastMath#tan(double):2319;0.0
org.apache.commons.math.util$FastMath#tan(double):2322;0.0
org.apache.commons.math.util$FastMath#tan(double):2323;0.0
org.apache.commons.math.util$FastMath#tan(double):2324;0.0
org.apache.commons.math.util$FastMath#tan(double):2325;0.0
org.apache.commons.math.util$FastMath#tan(double):2329;0.0
org.apache.commons.math.util$FastMath#tan(double):2330;0.0
org.apache.commons.math.util$FastMath#tan(double):2331;0.0
org.apache.commons.math.util$FastMath#tan(double):2332;0.0
org.apache.commons.math.util$FastMath#tan(double):2334;0.0
org.apache.commons.math.util$FastMath#tan(double):2337;0.0
org.apache.commons.math.util$FastMath#tan(double):2338;0.0
org.apache.commons.math.util$FastMath#tan(double):2342;0.0
org.apache.commons.math.util$FastMath#tan(double):2343;0.0
org.apache.commons.math.util$FastMath#tan(double):2347;0.0
org.apache.commons.math.util$FastMath#tan(double):2348;0.0
org.apache.commons.math.util$FastMath#tan(double):2349;0.0
org.apache.commons.math.util$FastMath#tan(double):2350;0.0
org.apache.commons.math.util$FastMath#tan(double):2351;0.0
org.apache.commons.math.util$FastMath#tan(double):2352;0.0
org.apache.commons.math.util$FastMath#tan(double):2357;0.0
org.apache.commons.math.util$FastMath#tan(double):2363;0.0
org.apache.commons.math.util$FastMath#tan(double):2364;0.0
org.apache.commons.math.util$FastMath#tan(double):2365;0.0
org.apache.commons.math.util$FastMath#tan(double):2367;0.0
org.apache.commons.math.util$FastMath#tan(double):2368;0.0
org.apache.commons.math.util$FastMath#tan(double):2369;0.0
org.apache.commons.math.util$FastMath#tan(double):2370;0.0
org.apache.commons.math.util$FastMath#tan(double):2372;0.0
org.apache.commons.math.util$FastMath#tan(double):2373;0.0
org.apache.commons.math.util$FastMath#tan(double):2374;0.0
org.apache.commons.math.util$FastMath#tan(double):2375;0.0
org.apache.commons.math.util$FastMath#tan(double):2377;0.0
org.apache.commons.math.util$FastMath#tan(double):2378;0.0
org.apache.commons.math.util$FastMath#tan(double):2384;0.0
org.apache.commons.math.util$FastMath#tan(double):2385;0.0
org.apache.commons.math.util$FastMath#tan(double):2386;0.0
org.apache.commons.math.util$FastMath#tan(double):2387;0.0
org.apache.commons.math.util$FastMath#tan(double):2388;0.0
org.apache.commons.math.util$FastMath#tan(double):2391;0.0
org.apache.commons.math.util$FastMath#tan(double):2393;0.0
org.apache.commons.math.util$FastMath#tan(double):2394;0.0
org.apache.commons.math.util$FastMath#tan(double):2396;0.0
org.apache.commons.math.util$FastMath#tan(double):2397;0.0
org.apache.commons.math.util$FastMath#tan(double):2398;0.0
org.apache.commons.math.util$FastMath#tan(double):2400;0.0
org.apache.commons.math.util$FastMath#tan(double):2401;0.0
org.apache.commons.math.util$FastMath#tan(double):2402;0.0
org.apache.commons.math.util$FastMath#tan(double):2403;0.0
org.apache.commons.math.util$FastMath#tan(double):2407;0.0
org.apache.commons.math.util$FastMath#tan(double):2408;0.0
org.apache.commons.math.util$FastMath#tan(double):2410;0.0
org.apache.commons.math.util$FastMath#tan(double):2413;0.0
org.apache.commons.math.util$FastMath#tan(double):2414;0.0
org.apache.commons.math.util$FastMath#tan(double):2417;0.0
org.apache.commons.math.util$FastMath#atan(double):2426;0.0
org.apache.commons.math.util$FastMath#atan(double,double,boolean):2436;0.0
org.apache.commons.math.util$FastMath#atan(double,double,boolean):2439;0.0
org.apache.commons.math.util$FastMath#atan(double,double,boolean):2440;0.0
org.apache.commons.math.util$FastMath#atan(double,double,boolean):2443;0.0
org.apache.commons.math.util$FastMath#atan(double,double,boolean):2445;0.0
org.apache.commons.math.util$FastMath#atan(double,double,boolean):2446;0.0
org.apache.commons.math.util$FastMath#atan(double,double,boolean):2447;0.0
org.apache.commons.math.util$FastMath#atan(double,double,boolean):2450;0.0
org.apache.commons.math.util$FastMath#atan(double,double,boolean):2451;0.0
org.apache.commons.math.util$FastMath#atan(double,double,boolean):2455;0.0
org.apache.commons.math.util$FastMath#atan(double,double,boolean):2456;0.0
org.apache.commons.math.util$FastMath#atan(double,double,boolean):2458;0.0
org.apache.commons.math.util$FastMath#atan(double,double,boolean):2459;0.0
org.apache.commons.math.util$FastMath#atan(double,double,boolean):2461;0.0
org.apache.commons.math.util$FastMath#atan(double,double,boolean):2462;0.0
org.apache.commons.math.util$FastMath#atan(double,double,boolean):2463;0.0
org.apache.commons.math.util$FastMath#atan(double,double,boolean):2465;0.0
org.apache.commons.math.util$FastMath#atan(double,double,boolean):2466;0.0
org.apache.commons.math.util$FastMath#atan(double,double,boolean):2467;0.0
org.apache.commons.math.util$FastMath#atan(double,double,boolean):2470;0.0
org.apache.commons.math.util$FastMath#atan(double,double,boolean):2471;0.0
org.apache.commons.math.util$FastMath#atan(double,double,boolean):2472;0.0
org.apache.commons.math.util$FastMath#atan(double,double,boolean):2473;0.0
org.apache.commons.math.util$FastMath#atan(double,double,boolean):2474;0.0
org.apache.commons.math.util$FastMath#atan(double,double,boolean):2477;0.0
org.apache.commons.math.util$FastMath#atan(double,double,boolean):2480;0.0
org.apache.commons.math.util$FastMath#atan(double,double,boolean):2482;0.0
org.apache.commons.math.util$FastMath#atan(double,double,boolean):2483;0.0
org.apache.commons.math.util$FastMath#atan(double,double,boolean):2484;0.0
org.apache.commons.math.util$FastMath#atan(double,double,boolean):2485;0.0
org.apache.commons.math.util$FastMath#atan(double,double,boolean):2486;0.0
org.apache.commons.math.util$FastMath#atan(double,double,boolean):2487;0.0
org.apache.commons.math.util$FastMath#atan(double,double,boolean):2488;0.0
org.apache.commons.math.util$FastMath#atan(double,double,boolean):2489;0.0
org.apache.commons.math.util$FastMath#atan(double,double,boolean):2490;0.0
org.apache.commons.math.util$FastMath#atan(double,double,boolean):2491;0.0
org.apache.commons.math.util$FastMath#atan(double,double,boolean):2493;0.0
org.apache.commons.math.util$FastMath#atan(double,double,boolean):2494;0.0
org.apache.commons.math.util$FastMath#atan(double,double,boolean):2496;0.0
org.apache.commons.math.util$FastMath#atan(double,double,boolean):2497;0.0
org.apache.commons.math.util$FastMath#atan(double,double,boolean):2498;0.0
org.apache.commons.math.util$FastMath#atan(double,double,boolean):2500;0.0
org.apache.commons.math.util$FastMath#atan(double,double,boolean):2501;0.0
org.apache.commons.math.util$FastMath#atan(double,double,boolean):2502;0.0
org.apache.commons.math.util$FastMath#atan(double,double,boolean):2505;0.0
org.apache.commons.math.util$FastMath#atan(double,double,boolean):2507;0.0
org.apache.commons.math.util$FastMath#atan(double,double,boolean):2508;0.0
org.apache.commons.math.util$FastMath#atan(double,double,boolean):2512;0.0
org.apache.commons.math.util$FastMath#atan(double,double,boolean):2513;0.0
org.apache.commons.math.util$FastMath#atan(double,double,boolean):2516;0.0
org.apache.commons.math.util$FastMath#atan(double,double,boolean):2527;0.0
org.apache.commons.math.util$FastMath#atan(double,double,boolean):2528;0.0
org.apache.commons.math.util$FastMath#atan(double,double,boolean):2529;0.0
org.apache.commons.math.util$FastMath#atan(double,double,boolean):2530;0.0
org.apache.commons.math.util$FastMath#atan(double,double,boolean):2531;0.0
org.apache.commons.math.util$FastMath#atan(double,double,boolean):2532;0.0
org.apache.commons.math.util$FastMath#atan(double,double,boolean):2533;0.0
org.apache.commons.math.util$FastMath#atan(double,double,boolean):2536;0.0
org.apache.commons.math.util$FastMath#atan(double,double,boolean):2538;0.0
org.apache.commons.math.util$FastMath#atan(double,double,boolean):2539;0.0
org.apache.commons.math.util$FastMath#atan(double,double,boolean):2540;0.0
org.apache.commons.math.util$FastMath#atan(double,double,boolean):2543;0.0
org.apache.commons.math.util$FastMath#atan(double,double,boolean):2549;0.0
org.apache.commons.math.util$FastMath#atan(double,double,boolean):2550;0.0
org.apache.commons.math.util$FastMath#atan(double,double,boolean):2551;0.0
org.apache.commons.math.util$FastMath#atan(double,double,boolean):2552;0.0
org.apache.commons.math.util$FastMath#atan(double,double,boolean):2553;0.0
org.apache.commons.math.util$FastMath#atan(double,double,boolean):2555;0.0
org.apache.commons.math.util$FastMath#atan(double,double,boolean):2556;0.0
org.apache.commons.math.util$FastMath#atan(double,double,boolean):2558;0.0
org.apache.commons.math.util$FastMath#atan(double,double,boolean):2560;0.0
org.apache.commons.math.util$FastMath#atan(double,double,boolean):2561;0.0
org.apache.commons.math.util$FastMath#atan(double,double,boolean):2563;0.0
org.apache.commons.math.util$FastMath#atan(double,double,boolean):2564;0.0
org.apache.commons.math.util$FastMath#atan(double,double,boolean):2565;0.0
org.apache.commons.math.util$FastMath#atan(double,double,boolean):2567;0.0
org.apache.commons.math.util$FastMath#atan(double,double,boolean):2568;0.0
org.apache.commons.math.util$FastMath#atan(double,double,boolean):2572;0.0
org.apache.commons.math.util$FastMath#atan(double,double,boolean):2573;0.0
org.apache.commons.math.util$FastMath#atan(double,double,boolean):2576;0.0
org.apache.commons.math.util$FastMath#atan2(double,double):2586;0.0
org.apache.commons.math.util$FastMath#atan2(double,double):2587;0.0
org.apache.commons.math.util$FastMath#atan2(double,double):2590;0.0
org.apache.commons.math.util$FastMath#atan2(double,double):2591;0.0
org.apache.commons.math.util$FastMath#atan2(double,double):2592;0.0
org.apache.commons.math.util$FastMath#atan2(double,double):2593;0.0
org.apache.commons.math.util$FastMath#atan2(double,double):2595;0.0
org.apache.commons.math.util$FastMath#atan2(double,double):2596;0.0
org.apache.commons.math.util$FastMath#atan2(double,double):2597;0.0
org.apache.commons.math.util$FastMath#atan2(double,double):2599;0.0
org.apache.commons.math.util$FastMath#atan2(double,double):2603;0.0
org.apache.commons.math.util$FastMath#atan2(double,double):2604;0.0
org.apache.commons.math.util$FastMath#atan2(double,double):2605;0.0
org.apache.commons.math.util$FastMath#atan2(double,double):2607;0.0
org.apache.commons.math.util$FastMath#atan2(double,double):2610;0.0
org.apache.commons.math.util$FastMath#atan2(double,double):2616;0.0
org.apache.commons.math.util$FastMath#atan2(double,double):2617;0.0
org.apache.commons.math.util$FastMath#atan2(double,double):2618;0.0
org.apache.commons.math.util$FastMath#atan2(double,double):2621;0.0
org.apache.commons.math.util$FastMath#atan2(double,double):2622;0.0
org.apache.commons.math.util$FastMath#atan2(double,double):2625;0.0
org.apache.commons.math.util$FastMath#atan2(double,double):2628;0.0
org.apache.commons.math.util$FastMath#atan2(double,double):2629;0.0
org.apache.commons.math.util$FastMath#atan2(double,double):2630;0.0
org.apache.commons.math.util$FastMath#atan2(double,double):2633;0.0
org.apache.commons.math.util$FastMath#atan2(double,double):2634;0.0
org.apache.commons.math.util$FastMath#atan2(double,double):2637;0.0
org.apache.commons.math.util$FastMath#atan2(double,double):2640;0.0
org.apache.commons.math.util$FastMath#atan2(double,double):2641;0.0
org.apache.commons.math.util$FastMath#atan2(double,double):2642;0.0
org.apache.commons.math.util$FastMath#atan2(double,double):2645;0.0
org.apache.commons.math.util$FastMath#atan2(double,double):2646;0.0
org.apache.commons.math.util$FastMath#atan2(double,double):2650;0.0
org.apache.commons.math.util$FastMath#atan2(double,double):2652;0.0
org.apache.commons.math.util$FastMath#atan2(double,double):2653;0.0
org.apache.commons.math.util$FastMath#atan2(double,double):2656;0.0
org.apache.commons.math.util$FastMath#atan2(double,double):2657;0.0
org.apache.commons.math.util$FastMath#atan2(double,double):2663;0.0
org.apache.commons.math.util$FastMath#atan2(double,double):2664;0.0
org.apache.commons.math.util$FastMath#atan2(double,double):2665;0.0
org.apache.commons.math.util$FastMath#atan2(double,double):2668;0.0
org.apache.commons.math.util$FastMath#atan2(double,double):2669;0.0
org.apache.commons.math.util$FastMath#atan2(double,double):2674;0.0
org.apache.commons.math.util$FastMath#atan2(double,double):2675;0.0
org.apache.commons.math.util$FastMath#atan2(double,double):2676;0.0
org.apache.commons.math.util$FastMath#atan2(double,double):2679;0.0
org.apache.commons.math.util$FastMath#atan2(double,double):2680;0.0
org.apache.commons.math.util$FastMath#atan2(double,double):2683;0.0
org.apache.commons.math.util$FastMath#atan2(double,double):2684;0.0
org.apache.commons.math.util$FastMath#atan2(double,double):2686;0.0
org.apache.commons.math.util$FastMath#atan2(double,double):2688;0.0
org.apache.commons.math.util$FastMath#atan2(double,double):2689;0.0
org.apache.commons.math.util$FastMath#atan2(double,double):2690;0.0
org.apache.commons.math.util$FastMath#atan2(double,double):2692;0.0
org.apache.commons.math.util$FastMath#atan2(double,double):2693;0.0
org.apache.commons.math.util$FastMath#atan2(double,double):2697;0.0
org.apache.commons.math.util$FastMath#atan2(double,double):2699;0.0
org.apache.commons.math.util$FastMath#asin(double):2707;0.0
org.apache.commons.math.util$FastMath#asin(double):2708;0.0
org.apache.commons.math.util$FastMath#asin(double):2711;0.0
org.apache.commons.math.util$FastMath#asin(double):2712;0.0
org.apache.commons.math.util$FastMath#asin(double):2715;0.0
org.apache.commons.math.util$FastMath#asin(double):2716;0.0
org.apache.commons.math.util$FastMath#asin(double):2719;0.0
org.apache.commons.math.util$FastMath#asin(double):2720;0.0
org.apache.commons.math.util$FastMath#asin(double):2723;0.0
org.apache.commons.math.util$FastMath#asin(double):2724;0.0
org.apache.commons.math.util$FastMath#asin(double):2730;0.0
org.apache.commons.math.util$FastMath#asin(double):2731;0.0
org.apache.commons.math.util$FastMath#asin(double):2732;0.0
org.apache.commons.math.util$FastMath#asin(double):2735;0.0
org.apache.commons.math.util$FastMath#asin(double):2736;0.0
org.apache.commons.math.util$FastMath#asin(double):2739;0.0
org.apache.commons.math.util$FastMath#asin(double):2740;0.0
org.apache.commons.math.util$FastMath#asin(double):2742;0.0
org.apache.commons.math.util$FastMath#asin(double):2743;0.0
org.apache.commons.math.util$FastMath#asin(double):2745;0.0
org.apache.commons.math.util$FastMath#asin(double):2746;0.0
org.apache.commons.math.util$FastMath#asin(double):2747;0.0
org.apache.commons.math.util$FastMath#asin(double):2751;0.0
org.apache.commons.math.util$FastMath#asin(double):2752;0.0
org.apache.commons.math.util$FastMath#asin(double):2753;0.0
org.apache.commons.math.util$FastMath#asin(double):2754;0.0
org.apache.commons.math.util$FastMath#asin(double):2757;0.0
org.apache.commons.math.util$FastMath#asin(double):2760;0.0
org.apache.commons.math.util$FastMath#asin(double):2763;0.0
org.apache.commons.math.util$FastMath#asin(double):2764;0.0
org.apache.commons.math.util$FastMath#asin(double):2765;0.0
org.apache.commons.math.util$FastMath#asin(double):2766;0.0
org.apache.commons.math.util$FastMath#asin(double):2768;0.0
org.apache.commons.math.util$FastMath#asin(double):2769;0.0
org.apache.commons.math.util$FastMath#asin(double):2771;0.0
org.apache.commons.math.util$FastMath#asin(double):2772;0.0
org.apache.commons.math.util$FastMath#asin(double):2773;0.0
org.apache.commons.math.util$FastMath#asin(double):2775;0.0
org.apache.commons.math.util$FastMath#acos(double):2783;0.0
org.apache.commons.math.util$FastMath#acos(double):2784;0.0
org.apache.commons.math.util$FastMath#acos(double):2787;0.0
org.apache.commons.math.util$FastMath#acos(double):2788;0.0
org.apache.commons.math.util$FastMath#acos(double):2791;0.0
org.apache.commons.math.util$FastMath#acos(double):2792;0.0
org.apache.commons.math.util$FastMath#acos(double):2795;0.0
org.apache.commons.math.util$FastMath#acos(double):2796;0.0
org.apache.commons.math.util$FastMath#acos(double):2799;0.0
org.apache.commons.math.util$FastMath#acos(double):2800;0.0
org.apache.commons.math.util$FastMath#acos(double):2806;0.0
org.apache.commons.math.util$FastMath#acos(double):2807;0.0
org.apache.commons.math.util$FastMath#acos(double):2808;0.0
org.apache.commons.math.util$FastMath#acos(double):2811;0.0
org.apache.commons.math.util$FastMath#acos(double):2812;0.0
org.apache.commons.math.util$FastMath#acos(double):2815;0.0
org.apache.commons.math.util$FastMath#acos(double):2816;0.0
org.apache.commons.math.util$FastMath#acos(double):2818;0.0
org.apache.commons.math.util$FastMath#acos(double):2819;0.0
org.apache.commons.math.util$FastMath#acos(double):2821;0.0
org.apache.commons.math.util$FastMath#acos(double):2822;0.0
org.apache.commons.math.util$FastMath#acos(double):2823;0.0
org.apache.commons.math.util$FastMath#acos(double):2826;0.0
org.apache.commons.math.util$FastMath#acos(double):2827;0.0
org.apache.commons.math.util$FastMath#acos(double):2828;0.0
org.apache.commons.math.util$FastMath#acos(double):2829;0.0
org.apache.commons.math.util$FastMath#acos(double):2832;0.0
org.apache.commons.math.util$FastMath#acos(double):2835;0.0
org.apache.commons.math.util$FastMath#acos(double):2836;0.0
org.apache.commons.math.util$FastMath#acos(double):2837;0.0
org.apache.commons.math.util$FastMath#acos(double):2840;0.0
org.apache.commons.math.util$FastMath#acos(double):2843;0.0
org.apache.commons.math.util$FastMath#acos(double):2844;0.0
org.apache.commons.math.util$FastMath#acos(double):2847;0.0
org.apache.commons.math.util$FastMath#acos(double):2848;0.0
org.apache.commons.math.util$FastMath#acos(double):2850;0.0
org.apache.commons.math.util$FastMath#acos(double):2851;0.0
org.apache.commons.math.util$FastMath#acos(double):2853;0.0
org.apache.commons.math.util$FastMath#acos(double):2854;0.0
org.apache.commons.math.util$FastMath#acos(double):2855;0.0
org.apache.commons.math.util$FastMath#acos(double):2857;0.0
org.apache.commons.math.util$FastMath#cbrt(double):2866;0.0
org.apache.commons.math.util$FastMath#cbrt(double):2867;0.0
org.apache.commons.math.util$FastMath#cbrt(double):2868;0.0
org.apache.commons.math.util$FastMath#cbrt(double):2870;0.0
org.apache.commons.math.util$FastMath#cbrt(double):2871;0.0
org.apache.commons.math.util$FastMath#cbrt(double):2872;0.0
org.apache.commons.math.util$FastMath#cbrt(double):2876;0.0
org.apache.commons.math.util$FastMath#cbrt(double):2877;0.0
org.apache.commons.math.util$FastMath#cbrt(double):2878;0.0
org.apache.commons.math.util$FastMath#cbrt(double):2879;0.0
org.apache.commons.math.util$FastMath#cbrt(double):2882;0.0
org.apache.commons.math.util$FastMath#cbrt(double):2884;0.0
org.apache.commons.math.util$FastMath#cbrt(double):2888;0.0
org.apache.commons.math.util$FastMath#cbrt(double):2891;0.0
org.apache.commons.math.util$FastMath#cbrt(double):2895;0.0
org.apache.commons.math.util$FastMath#cbrt(double):2898;0.0
org.apache.commons.math.util$FastMath#cbrt(double):2899;0.0
org.apache.commons.math.util$FastMath#cbrt(double):2900;0.0
org.apache.commons.math.util$FastMath#cbrt(double):2901;0.0
org.apache.commons.math.util$FastMath#cbrt(double):2902;0.0
org.apache.commons.math.util$FastMath#cbrt(double):2904;0.0
org.apache.commons.math.util$FastMath#cbrt(double):2909;0.0
org.apache.commons.math.util$FastMath#cbrt(double):2910;0.0
org.apache.commons.math.util$FastMath#cbrt(double):2911;0.0
org.apache.commons.math.util$FastMath#cbrt(double):2914;0.0
org.apache.commons.math.util$FastMath#cbrt(double):2915;0.0
org.apache.commons.math.util$FastMath#cbrt(double):2916;0.0
org.apache.commons.math.util$FastMath#cbrt(double):2918;0.0
org.apache.commons.math.util$FastMath#cbrt(double):2919;0.0
org.apache.commons.math.util$FastMath#cbrt(double):2920;0.0
org.apache.commons.math.util$FastMath#cbrt(double):2921;0.0
org.apache.commons.math.util$FastMath#cbrt(double):2922;0.0
org.apache.commons.math.util$FastMath#cbrt(double):2923;0.0
org.apache.commons.math.util$FastMath#cbrt(double):2925;0.0
org.apache.commons.math.util$FastMath#cbrt(double):2926;0.0
org.apache.commons.math.util$FastMath#cbrt(double):2928;0.0
org.apache.commons.math.util$FastMath#cbrt(double):2929;0.0
org.apache.commons.math.util$FastMath#cbrt(double):2930;0.0
org.apache.commons.math.util$FastMath#cbrt(double):2932;0.0
org.apache.commons.math.util$FastMath#cbrt(double):2935;0.0
org.apache.commons.math.util$FastMath#cbrt(double):2937;0.0
org.apache.commons.math.util$FastMath#cbrt(double):2938;0.0
org.apache.commons.math.util$FastMath#cbrt(double):2941;0.0
org.apache.commons.math.util$FastMath#toRadians(double):2951;0.0
org.apache.commons.math.util$FastMath#toRadians(double):2952;0.0
org.apache.commons.math.util$FastMath#toRadians(double):2956;0.0
org.apache.commons.math.util$FastMath#toRadians(double):2957;0.0
org.apache.commons.math.util$FastMath#toRadians(double):2959;0.0
org.apache.commons.math.util$FastMath#toRadians(double):2960;0.0
org.apache.commons.math.util$FastMath#toRadians(double):2962;0.0
org.apache.commons.math.util$FastMath#toRadians(double):2963;0.0
org.apache.commons.math.util$FastMath#toRadians(double):2964;0.0
org.apache.commons.math.util$FastMath#toRadians(double):2966;0.0
org.apache.commons.math.util$FastMath#toDegrees(double):2976;0.0
org.apache.commons.math.util$FastMath#toDegrees(double):2977;0.0
org.apache.commons.math.util$FastMath#toDegrees(double):2981;0.0
org.apache.commons.math.util$FastMath#toDegrees(double):2982;0.0
org.apache.commons.math.util$FastMath#toDegrees(double):2984;0.0
org.apache.commons.math.util$FastMath#toDegrees(double):2985;0.0
org.apache.commons.math.util$FastMath#toDegrees(double):2987;0.0
org.apache.commons.math.util$FastMath#abs(int):2996;0.0
org.apache.commons.math.util$FastMath#abs(float):3014;0.0
org.apache.commons.math.util$FastMath#ulp(double):3032;0.0
org.apache.commons.math.util$FastMath#ulp(double):3033;0.0
org.apache.commons.math.util$FastMath#ulp(double):3035;0.0
org.apache.commons.math.util$FastMath#ulp(float):3044;0.0
org.apache.commons.math.util$FastMath#ulp(float):3045;0.0
org.apache.commons.math.util$FastMath#ulp(float):3047;0.0
org.apache.commons.math.util$FastMath#scalb(double,int):3059;0.0
org.apache.commons.math.util$FastMath#scalb(double,int):3060;0.0
org.apache.commons.math.util$FastMath#scalb(double,int):3064;0.0
org.apache.commons.math.util$FastMath#scalb(double,int):3065;0.0
org.apache.commons.math.util$FastMath#scalb(double,int):3067;0.0
org.apache.commons.math.util$FastMath#scalb(double,int):3068;0.0
org.apache.commons.math.util$FastMath#scalb(double,int):3070;0.0
org.apache.commons.math.util$FastMath#scalb(double,int):3071;0.0
org.apache.commons.math.util$FastMath#scalb(double,int):3075;0.0
org.apache.commons.math.util$FastMath#scalb(double,int):3076;0.0
org.apache.commons.math.util$FastMath#scalb(double,int):3077;0.0
org.apache.commons.math.util$FastMath#scalb(double,int):3078;0.0
org.apache.commons.math.util$FastMath#scalb(double,int):3081;0.0
org.apache.commons.math.util$FastMath#scalb(double,int):3083;0.0
org.apache.commons.math.util$FastMath#scalb(double,int):3085;0.0
org.apache.commons.math.util$FastMath#scalb(double,int):3087;0.0
org.apache.commons.math.util$FastMath#scalb(double,int):3088;0.0
org.apache.commons.math.util$FastMath#scalb(double,int):3092;0.0
org.apache.commons.math.util$FastMath#scalb(double,int):3095;0.0
org.apache.commons.math.util$FastMath#scalb(double,int):3096;0.0
org.apache.commons.math.util$FastMath#scalb(double,int):3097;0.0
org.apache.commons.math.util$FastMath#scalb(double,int):3099;0.0
org.apache.commons.math.util$FastMath#scalb(double,int):3101;0.0
org.apache.commons.math.util$FastMath#scalb(double,int):3105;0.0
org.apache.commons.math.util$FastMath#scalb(double,int):3109;0.0
org.apache.commons.math.util$FastMath#scalb(double,int):3112;0.0
org.apache.commons.math.util$FastMath#scalb(double,int):3113;0.0
org.apache.commons.math.util$FastMath#scalb(double,int):3114;0.0
org.apache.commons.math.util$FastMath#scalb(double,int):3116;0.0
org.apache.commons.math.util$FastMath#scalb(double,int):3117;0.0
org.apache.commons.math.util$FastMath#scalb(double,int):3119;0.0
org.apache.commons.math.util$FastMath#scalb(double,int):3120;0.0
org.apache.commons.math.util$FastMath#scalb(double,int):3122;0.0
org.apache.commons.math.util$FastMath#scalb(double,int):3125;0.0
org.apache.commons.math.util$FastMath#scalb(double,int):3126;0.0
org.apache.commons.math.util$FastMath#scalb(double,int):3128;0.0
org.apache.commons.math.util$FastMath#scalb(float,int):3143;0.0
org.apache.commons.math.util$FastMath#scalb(float,int):3144;0.0
org.apache.commons.math.util$FastMath#scalb(float,int):3148;0.0
org.apache.commons.math.util$FastMath#scalb(float,int):3149;0.0
org.apache.commons.math.util$FastMath#scalb(float,int):3151;0.0
org.apache.commons.math.util$FastMath#scalb(float,int):3152;0.0
org.apache.commons.math.util$FastMath#scalb(float,int):3154;0.0
org.apache.commons.math.util$FastMath#scalb(float,int):3155;0.0
org.apache.commons.math.util$FastMath#scalb(float,int):3159;0.0
org.apache.commons.math.util$FastMath#scalb(float,int):3160;0.0
org.apache.commons.math.util$FastMath#scalb(float,int):3161;0.0
org.apache.commons.math.util$FastMath#scalb(float,int):3162;0.0
org.apache.commons.math.util$FastMath#scalb(float,int):3165;0.0
org.apache.commons.math.util$FastMath#scalb(float,int):3167;0.0
org.apache.commons.math.util$FastMath#scalb(float,int):3169;0.0
org.apache.commons.math.util$FastMath#scalb(float,int):3171;0.0
org.apache.commons.math.util$FastMath#scalb(float,int):3172;0.0
org.apache.commons.math.util$FastMath#scalb(float,int):3176;0.0
org.apache.commons.math.util$FastMath#scalb(float,int):3179;0.0
org.apache.commons.math.util$FastMath#scalb(float,int):3180;0.0
org.apache.commons.math.util$FastMath#scalb(float,int):3181;0.0
org.apache.commons.math.util$FastMath#scalb(float,int):3183;0.0
org.apache.commons.math.util$FastMath#scalb(float,int):3185;0.0
org.apache.commons.math.util$FastMath#scalb(float,int):3189;0.0
org.apache.commons.math.util$FastMath#scalb(float,int):3193;0.0
org.apache.commons.math.util$FastMath#scalb(float,int):3196;0.0
org.apache.commons.math.util$FastMath#scalb(float,int):3197;0.0
org.apache.commons.math.util$FastMath#scalb(float,int):3198;0.0
org.apache.commons.math.util$FastMath#scalb(float,int):3200;0.0
org.apache.commons.math.util$FastMath#scalb(float,int):3201;0.0
org.apache.commons.math.util$FastMath#scalb(float,int):3203;0.0
org.apache.commons.math.util$FastMath#scalb(float,int):3204;0.0
org.apache.commons.math.util$FastMath#scalb(float,int):3206;0.0
org.apache.commons.math.util$FastMath#scalb(float,int):3209;0.0
org.apache.commons.math.util$FastMath#scalb(float,int):3210;0.0
org.apache.commons.math.util$FastMath#scalb(float,int):3212;0.0
org.apache.commons.math.util$FastMath#nextAfter(double,double):3252;0.0
org.apache.commons.math.util$FastMath#nextAfter(double,double):3253;0.0
org.apache.commons.math.util$FastMath#nextAfter(double,double):3254;0.0
org.apache.commons.math.util$FastMath#nextAfter(double,double):3255;0.0
org.apache.commons.math.util$FastMath#nextAfter(double,double):3256;0.0
org.apache.commons.math.util$FastMath#nextAfter(double,double):3257;0.0
org.apache.commons.math.util$FastMath#nextAfter(double,double):3258;0.0
org.apache.commons.math.util$FastMath#nextAfter(double,double):3259;0.0
org.apache.commons.math.util$FastMath#nextAfter(double,double):3264;0.0
org.apache.commons.math.util$FastMath#nextAfter(double,double):3265;0.0
org.apache.commons.math.util$FastMath#nextAfter(double,double):3266;0.0
org.apache.commons.math.util$FastMath#nextAfter(double,double):3267;0.0
org.apache.commons.math.util$FastMath#nextAfter(double,double):3269;0.0
org.apache.commons.math.util$FastMath#nextAfter(float,double):3308;0.0
org.apache.commons.math.util$FastMath#nextAfter(float,double):3309;0.0
org.apache.commons.math.util$FastMath#nextAfter(float,double):3310;0.0
org.apache.commons.math.util$FastMath#nextAfter(float,double):3311;0.0
org.apache.commons.math.util$FastMath#nextAfter(float,double):3312;0.0
org.apache.commons.math.util$FastMath#nextAfter(float,double):3313;0.0
org.apache.commons.math.util$FastMath#nextAfter(float,double):3314;0.0
org.apache.commons.math.util$FastMath#nextAfter(float,double):3315;0.0
org.apache.commons.math.util$FastMath#nextAfter(float,double):3320;0.0
org.apache.commons.math.util$FastMath#nextAfter(float,double):3321;0.0
org.apache.commons.math.util$FastMath#nextAfter(float,double):3322;0.0
org.apache.commons.math.util$FastMath#nextAfter(float,double):3323;0.0
org.apache.commons.math.util$FastMath#nextAfter(float,double):3325;0.0
org.apache.commons.math.util$FastMath#floor(double):3337;0.0
org.apache.commons.math.util$FastMath#floor(double):3338;0.0
org.apache.commons.math.util$FastMath#floor(double):3341;0.0
org.apache.commons.math.util$FastMath#floor(double):3342;0.0
org.apache.commons.math.util$FastMath#floor(double):3345;0.0
org.apache.commons.math.util$FastMath#floor(double):3346;0.0
org.apache.commons.math.util$FastMath#floor(double):3347;0.0
org.apache.commons.math.util$FastMath#floor(double):3350;0.0
org.apache.commons.math.util$FastMath#floor(double):3351;0.0
org.apache.commons.math.util$FastMath#floor(double):3354;0.0
org.apache.commons.math.util$FastMath#ceil(double):3364;0.0
org.apache.commons.math.util$FastMath#ceil(double):3365;0.0
org.apache.commons.math.util$FastMath#ceil(double):3368;0.0
org.apache.commons.math.util$FastMath#ceil(double):3369;0.0
org.apache.commons.math.util$FastMath#ceil(double):3370;0.0
org.apache.commons.math.util$FastMath#ceil(double):3373;0.0
org.apache.commons.math.util$FastMath#ceil(double):3375;0.0
org.apache.commons.math.util$FastMath#ceil(double):3376;0.0
org.apache.commons.math.util$FastMath#ceil(double):3379;0.0
org.apache.commons.math.util$FastMath#rint(double):3387;0.0
org.apache.commons.math.util$FastMath#rint(double):3388;0.0
org.apache.commons.math.util$FastMath#rint(double):3390;0.0
org.apache.commons.math.util$FastMath#rint(double):3391;0.0
org.apache.commons.math.util$FastMath#rint(double):3392;0.0
org.apache.commons.math.util$FastMath#rint(double):3394;0.0
org.apache.commons.math.util$FastMath#rint(double):3396;0.0
org.apache.commons.math.util$FastMath#rint(double):3397;0.0
org.apache.commons.math.util$FastMath#rint(double):3401;0.0
org.apache.commons.math.util$FastMath#rint(double):3402;0.0
org.apache.commons.math.util$FastMath#round(double):3410;0.0
org.apache.commons.math.util$FastMath#round(float):3418;0.0
org.apache.commons.math.util$FastMath#min(int,int):3427;0.0
org.apache.commons.math.util$FastMath#min(long,long):3436;0.0
org.apache.commons.math.util$FastMath#min(float,float):3445;0.0
org.apache.commons.math.util$FastMath#min(float,float):3446;0.0
org.apache.commons.math.util$FastMath#min(float,float):3448;0.0
org.apache.commons.math.util$FastMath#min(float,float):3449;0.0
org.apache.commons.math.util$FastMath#min(float,float):3452;0.0
org.apache.commons.math.util$FastMath#min(float,float):3453;0.0
org.apache.commons.math.util$FastMath#min(float,float):3457;0.0
org.apache.commons.math.util$FastMath#min(float,float):3458;0.0
org.apache.commons.math.util$FastMath#min(float,float):3459;0.0
org.apache.commons.math.util$FastMath#min(float,float):3461;0.0
org.apache.commons.math.util$FastMath#min(double,double):3470;0.0
org.apache.commons.math.util$FastMath#min(double,double):3471;0.0
org.apache.commons.math.util$FastMath#min(double,double):3473;0.0
org.apache.commons.math.util$FastMath#min(double,double):3474;0.0
org.apache.commons.math.util$FastMath#min(double,double):3477;0.0
org.apache.commons.math.util$FastMath#min(double,double):3478;0.0
org.apache.commons.math.util$FastMath#min(double,double):3482;0.0
org.apache.commons.math.util$FastMath#min(double,double):3483;0.0
org.apache.commons.math.util$FastMath#min(double,double):3484;0.0
org.apache.commons.math.util$FastMath#min(double,double):3486;0.0
org.apache.commons.math.util$FastMath#max(int,int):3495;0.0
org.apache.commons.math.util$FastMath#max(long,long):3504;0.0
org.apache.commons.math.util$FastMath#max(float,float):3513;0.0
org.apache.commons.math.util$FastMath#max(float,float):3514;0.0
org.apache.commons.math.util$FastMath#max(float,float):3516;0.0
org.apache.commons.math.util$FastMath#max(float,float):3517;0.0
org.apache.commons.math.util$FastMath#max(float,float):3520;0.0
org.apache.commons.math.util$FastMath#max(float,float):3521;0.0
org.apache.commons.math.util$FastMath#max(float,float):3525;0.0
org.apache.commons.math.util$FastMath#max(float,float):3526;0.0
org.apache.commons.math.util$FastMath#max(float,float):3527;0.0
org.apache.commons.math.util$FastMath#max(float,float):3529;0.0
org.apache.commons.math.util$FastMath#max(double,double):3538;0.0
org.apache.commons.math.util$FastMath#max(double,double):3539;0.0
org.apache.commons.math.util$FastMath#max(double,double):3541;0.0
org.apache.commons.math.util$FastMath#max(double,double):3542;0.0
org.apache.commons.math.util$FastMath#max(double,double):3545;0.0
org.apache.commons.math.util$FastMath#max(double,double):3546;0.0
org.apache.commons.math.util$FastMath#max(double,double):3550;0.0
org.apache.commons.math.util$FastMath#max(double,double):3551;0.0
org.apache.commons.math.util$FastMath#max(double,double):3552;0.0
org.apache.commons.math.util$FastMath#max(double,double):3554;0.0
org.apache.commons.math.util$FastMath#hypot(double,double):3572;0.0
org.apache.commons.math.util$FastMath#hypot(double,double):3573;0.0
org.apache.commons.math.util$FastMath#hypot(double,double):3574;0.0
org.apache.commons.math.util$FastMath#hypot(double,double):3575;0.0
org.apache.commons.math.util$FastMath#hypot(double,double):3578;0.0
org.apache.commons.math.util$FastMath#hypot(double,double):3579;0.0
org.apache.commons.math.util$FastMath#hypot(double,double):3580;0.0
org.apache.commons.math.util$FastMath#hypot(double,double):3582;0.0
org.apache.commons.math.util$FastMath#hypot(double,double):3583;0.0
org.apache.commons.math.util$FastMath#hypot(double,double):3585;0.0
org.apache.commons.math.util$FastMath#hypot(double,double):3589;0.0
org.apache.commons.math.util$FastMath#hypot(double,double):3592;0.0
org.apache.commons.math.util$FastMath#hypot(double,double):3593;0.0
org.apache.commons.math.util$FastMath#hypot(double,double):3596;0.0
org.apache.commons.math.util$FastMath#hypot(double,double):3599;0.0
org.apache.commons.math.util$FastMath#IEEEremainder(double,double):3627;0.0
org.apache.commons.math.util$FastMath#copySign(double,double):3639;0.0
org.apache.commons.math.util$FastMath#copySign(double,double):3640;0.0
org.apache.commons.math.util$FastMath#copySign(double,double):3641;0.0
org.apache.commons.math.util$FastMath#copySign(double,double):3642;0.0
org.apache.commons.math.util$FastMath#copySign(double,double):3644;0.0
org.apache.commons.math.util$FastMath#copySign(float,float):3656;0.0
org.apache.commons.math.util$FastMath#copySign(float,float):3657;0.0
org.apache.commons.math.util$FastMath#copySign(float,float):3658;0.0
org.apache.commons.math.util$FastMath#copySign(float,float):3659;0.0
org.apache.commons.math.util$FastMath#copySign(float,float):3661;0.0
org.apache.commons.math.util$FastMath#getExponent(double):3674;0.0
org.apache.commons.math.util$FastMath#getExponent(float):3687;0.0
org.apache.commons.math.util$FastMath#main(java.lang.String[]):3696;0.0
org.apache.commons.math.util$FastMath#main(java.lang.String[]):3697;0.0
org.apache.commons.math.util$FastMath#main(java.lang.String[]):3698;0.0
org.apache.commons.math.util$FastMath#main(java.lang.String[]):3699;0.0
org.apache.commons.math.util$FastMath#main(java.lang.String[]):3700;0.0
org.apache.commons.math.util$FastMath#main(java.lang.String[]):3701;0.0
org.apache.commons.math.util$FastMath#main(java.lang.String[]):3702;0.0
org.apache.commons.math.util$FastMath#main(java.lang.String[]):3703;0.0
org.apache.commons.math.util$FastMath#main(java.lang.String[]):3704;0.0
org.apache.commons.math.util$FastMath#main(java.lang.String[]):3705;0.0
org.apache.commons.math.util$FastMath#main(java.lang.String[]):3706;0.0
org.apache.commons.math.util$FastMath#main(java.lang.String[]):3707;0.0
org.apache.commons.math.util$FastMath#main(java.lang.String[]):3708;0.0
org.apache.commons.math.util$MathUtils#MathUtils():66;0.0
org.apache.commons.math.util$MathUtils#MathUtils():67;0.0
org.apache.commons.math.util$MathUtils#hash(double):76;0.0
org.apache.commons.math.util$MathUtils#hash(double[]):87;0.0
org.apache.commons.math.util$MathUtils#normalizeAngle(double,double):110;0.0
org.apache.commons.math.util$MathUtils#reduce(double,double,double):132;0.0
org.apache.commons.math.util$MathUtils#reduce(double,double,double):133;0.0
org.apache.commons.math.util$MathUtils#sign(byte):147;0.0
org.apache.commons.math.util$MathUtils#copySign(byte,byte):161;0.0
org.apache.commons.math.util$MathUtils#copySign(byte,byte):163;0.0
org.apache.commons.math.util$MathUtils#copySign(byte,byte):164;0.0
org.apache.commons.math.util$MathUtils#copySign(byte,byte):166;0.0
org.apache.commons.math.util$MathUtils#copySign(byte,byte):168;0.0
org.apache.commons.math.util$MathUtils#copySign(short,short):183;0.0
org.apache.commons.math.util$MathUtils#copySign(short,short):185;0.0
org.apache.commons.math.util$MathUtils#copySign(short,short):186;0.0
org.apache.commons.math.util$MathUtils#copySign(short,short):188;0.0
org.apache.commons.math.util$MathUtils#copySign(short,short):190;0.0
org.apache.commons.math.util$MathUtils#copySign(int,int):205;0.0
org.apache.commons.math.util$MathUtils#copySign(int,int):207;0.0
org.apache.commons.math.util$MathUtils#copySign(int,int):208;0.0
org.apache.commons.math.util$MathUtils#copySign(int,int):210;0.0
org.apache.commons.math.util$MathUtils#copySign(int,int):212;0.0
org.apache.commons.math.util$MathUtils#copySign(long,long):227;0.0
org.apache.commons.math.util$MathUtils#copySign(long,long):229;0.0
org.apache.commons.math.util$MathUtils#copySign(long,long):230;0.0
org.apache.commons.math.util$MathUtils#copySign(long,long):232;0.0
org.apache.commons.math.util$MathUtils#copySign(long,long):234;0.0
org.apache.commons.math.util$MathUtils#sign(int):249;0.0
org.apache.commons.math.util$MathUtils#sign(long):263;0.0
org.apache.commons.math.util$MathUtils#sign(short):274;0.0
org.apache.commons.math.util$MathUtils#checkFinite(double):285;0.0
org.apache.commons.math.util$MathUtils#checkFinite(double):286;0.0
org.apache.commons.math.util$MathUtils#checkFinite(double):288;0.0
org.apache.commons.math.util$MathUtils#checkFinite(double[]):298;0.0
org.apache.commons.math.util$MathUtils#checkFinite(double[]):299;0.0
org.apache.commons.math.util$MathUtils#checkFinite(double[]):300;0.0
org.apache.commons.math.util$MathUtils#checkFinite(double[]):301;0.0
org.apache.commons.math.util$MathUtils#checkFinite(double[]):304;0.0
org.apache.commons.math.util$MathUtils#checkNotNull(java.lang.Object,org.apache.commons.math.exception.util.Localizable,java.lang.Object[]):317;0.0
org.apache.commons.math.util$MathUtils#checkNotNull(java.lang.Object,org.apache.commons.math.exception.util.Localizable,java.lang.Object[]):318;0.0
org.apache.commons.math.util$MathUtils#checkNotNull(java.lang.Object,org.apache.commons.math.exception.util.Localizable,java.lang.Object[]):320;0.0
org.apache.commons.math.util$MathUtils#checkNotNull(java.lang.Object):331;0.0
org.apache.commons.math.util$Precision#Precision():52;0.0
org.apache.commons.math.util$Precision#equals(float,float):108;0.0
org.apache.commons.math.util$Precision#equalsIncludingNaN(float,float):121;0.0
org.apache.commons.math.util$Precision#equals(float,float,float):135;0.0
org.apache.commons.math.util$Precision#equalsIncludingNaN(float,float,float):150;0.0
org.apache.commons.math.util$Precision#equals(float,float,int):172;0.0
org.apache.commons.math.util$Precision#equals(float,float,int):173;0.0
org.apache.commons.math.util$Precision#equals(float,float,int):176;0.0
org.apache.commons.math.util$Precision#equals(float,float,int):177;0.0
org.apache.commons.math.util$Precision#equals(float,float,int):179;0.0
org.apache.commons.math.util$Precision#equals(float,float,int):180;0.0
org.apache.commons.math.util$Precision#equals(float,float,int):183;0.0
org.apache.commons.math.util$Precision#equals(float,float,int):185;0.0
org.apache.commons.math.util$Precision#equalsIncludingNaN(float,float,int):201;0.0
org.apache.commons.math.util$Precision#equals(double,double):213;0.0
org.apache.commons.math.util$Precision#equalsIncludingNaN(double,double):226;0.0
org.apache.commons.math.util$Precision#equalsIncludingNaN(double,double,double):256;0.0
org.apache.commons.math.util$Precision#equalsIncludingNaN(double,double,int):306;0.0
org.apache.commons.math.util$Precision#round(double,int):319;0.0
org.apache.commons.math.util$Precision#round(double,int,int):341;0.0
org.apache.commons.math.util$Precision#round(double,int,int):345;0.0
org.apache.commons.math.util$Precision#round(double,int,int):346;0.0
org.apache.commons.math.util$Precision#round(double,int,int):347;0.0
org.apache.commons.math.util$Precision#round(double,int,int):349;0.0
org.apache.commons.math.util$Precision#round(float,int):364;0.0
org.apache.commons.math.util$Precision#round(float,int,int):379;0.0
org.apache.commons.math.util$Precision#round(float,int,int):380;0.0
org.apache.commons.math.util$Precision#round(float,int,int):381;0.0
org.apache.commons.math.util$Precision#roundUnscaled(double,double,int):399;0.0
org.apache.commons.math.util$Precision#roundUnscaled(double,double,int):401;0.0
org.apache.commons.math.util$Precision#roundUnscaled(double,double,int):402;0.0
org.apache.commons.math.util$Precision#roundUnscaled(double,double,int):404;0.0
org.apache.commons.math.util$Precision#roundUnscaled(double,double,int):406;0.0
org.apache.commons.math.util$Precision#roundUnscaled(double,double,int):408;0.0
org.apache.commons.math.util$Precision#roundUnscaled(double,double,int):409;0.0
org.apache.commons.math.util$Precision#roundUnscaled(double,double,int):411;0.0
org.apache.commons.math.util$Precision#roundUnscaled(double,double,int):412;0.0
org.apache.commons.math.util$Precision#roundUnscaled(double,double,int):414;0.0
org.apache.commons.math.util$Precision#roundUnscaled(double,double,int):416;0.0
org.apache.commons.math.util$Precision#roundUnscaled(double,double,int):418;0.0
org.apache.commons.math.util$Precision#roundUnscaled(double,double,int):419;0.0
org.apache.commons.math.util$Precision#roundUnscaled(double,double,int):420;0.0
org.apache.commons.math.util$Precision#roundUnscaled(double,double,int):421;0.0
org.apache.commons.math.util$Precision#roundUnscaled(double,double,int):423;0.0
org.apache.commons.math.util$Precision#roundUnscaled(double,double,int):425;0.0
org.apache.commons.math.util$Precision#roundUnscaled(double,double,int):428;0.0
org.apache.commons.math.util$Precision#roundUnscaled(double,double,int):429;0.0
org.apache.commons.math.util$Precision#roundUnscaled(double,double,int):430;0.0
org.apache.commons.math.util$Precision#roundUnscaled(double,double,int):431;0.0
org.apache.commons.math.util$Precision#roundUnscaled(double,double,int):432;0.0
org.apache.commons.math.util$Precision#roundUnscaled(double,double,int):435;0.0
org.apache.commons.math.util$Precision#roundUnscaled(double,double,int):437;0.0
org.apache.commons.math.util$Precision#roundUnscaled(double,double,int):439;0.0
org.apache.commons.math.util$Precision#roundUnscaled(double,double,int):442;0.0
org.apache.commons.math.util$Precision#roundUnscaled(double,double,int):445;0.0
org.apache.commons.math.util$Precision#roundUnscaled(double,double,int):446;0.0
org.apache.commons.math.util$Precision#roundUnscaled(double,double,int):447;0.0
org.apache.commons.math.util$Precision#roundUnscaled(double,double,int):448;0.0
org.apache.commons.math.util$Precision#roundUnscaled(double,double,int):450;0.0
org.apache.commons.math.util$Precision#roundUnscaled(double,double,int):452;0.0
org.apache.commons.math.util$Precision#roundUnscaled(double,double,int):455;0.0
org.apache.commons.math.util$Precision#roundUnscaled(double,double,int):456;0.0
org.apache.commons.math.util$Precision#roundUnscaled(double,double,int):460;0.0
org.apache.commons.math.util$Precision#roundUnscaled(double,double,int):461;0.0
org.apache.commons.math.util$Precision#roundUnscaled(double,double,int):463;0.0
org.apache.commons.math.util$Precision#roundUnscaled(double,double,int):474;0.0
org.apache.commons.math.util$Precision#representableDelta(double,double):494;0.0
org.apache.commons.math.util$FastMath$lnMant#FastMath$lnMant():3791;0.0
org.apache.commons.math.util$FastMath$lnMant#<clinit>():3796;0.0
org.apache.commons.math.util$FastMath$lnMant#<clinit>():3797;0.0
org.apache.commons.math.util$FastMath$lnMant#<clinit>():3800;0.0
org.apache.commons.math.util$FastMath$lnMant#<clinit>():3801;0.0
org.apache.commons.math.util$FastMath$lnMant#<clinit>():3802;0.0
org.apache.commons.math.util$FastMath$lnMant#<clinit>():3804;0.0
org.apache.commons.math.util$FastMath$lnMant#<clinit>():3805;0.0
org.apache.commons.math.util$FastMath$lnMant#<clinit>():3807;0.0
org.apache.commons.math.util$FastMath$lnMant#<clinit>():3809;0.0
org.apache.commons.math.util$FastMath$ExpIntTable#FastMath$ExpIntTable():3711;0.0
org.apache.commons.math.util$FastMath$ExpIntTable#<clinit>():3722;0.0
org.apache.commons.math.util$FastMath$ExpIntTable#<clinit>():3723;0.0
org.apache.commons.math.util$FastMath$ExpIntTable#<clinit>():3724;0.0
org.apache.commons.math.util$FastMath$ExpIntTable#<clinit>():3726;0.0
org.apache.commons.math.util$FastMath$ExpIntTable#<clinit>():3727;0.0
org.apache.commons.math.util$FastMath$ExpIntTable#<clinit>():3730;0.0
org.apache.commons.math.util$FastMath$ExpIntTable#<clinit>():3731;0.0
org.apache.commons.math.util$FastMath$ExpIntTable#<clinit>():3732;0.0
org.apache.commons.math.util$FastMath$ExpIntTable#<clinit>():3733;0.0
org.apache.commons.math.util$FastMath$ExpIntTable#<clinit>():3735;0.0
org.apache.commons.math.util$FastMath$ExpIntTable#<clinit>():3737;0.0
org.apache.commons.math.util$FastMath$ExpIntTable#<clinit>():3738;0.0
org.apache.commons.math.util$FastMath$ExpIntTable#<clinit>():3739;0.0
org.apache.commons.math.util$FastMath$ExpIntTable#<clinit>():3742;0.0
org.apache.commons.math.util$FastMath$ExpIntTable#<clinit>():3743;0.0
org.apache.commons.math.util$FastMath$ExpIntTable#<clinit>():3744;0.0
org.apache.commons.math.util$FastMath$ExpIntTable#<clinit>():3745;0.0
org.apache.commons.math.util$FastMath$ExpIntTable#<clinit>():3746;0.0
org.apache.commons.math.util$FastMath$ExpIntTable#<clinit>():3747;0.0
org.apache.commons.math.util$FastMath$ExpIntTable#<clinit>():3748;0.0
org.apache.commons.math.util$FastMath$ExpIntTable#<clinit>():3750;0.0
org.apache.commons.math.util$FastMath$ExpFracTable#FastMath$ExpFracTable():3754;0.0
org.apache.commons.math.util$FastMath$ExpFracTable#<clinit>():3766;0.0
org.apache.commons.math.util$FastMath$ExpFracTable#<clinit>():3767;0.0
org.apache.commons.math.util$FastMath$ExpFracTable#<clinit>():3768;0.0
org.apache.commons.math.util$FastMath$ExpFracTable#<clinit>():3770;0.0
org.apache.commons.math.util$FastMath$ExpFracTable#<clinit>():3773;0.0
org.apache.commons.math.util$FastMath$ExpFracTable#<clinit>():3774;0.0
org.apache.commons.math.util$FastMath$ExpFracTable#<clinit>():3775;0.0
org.apache.commons.math.util$FastMath$ExpFracTable#<clinit>():3776;0.0
org.apache.commons.math.util$FastMath$ExpFracTable#<clinit>():3777;0.0
org.apache.commons.math.util$FastMath$ExpFracTable#<clinit>():3779;0.0
org.apache.commons.math.util$FastMath$ExpFracTable#<clinit>():3780;0.0
org.apache.commons.math.util$FastMath$ExpFracTable#<clinit>():3781;0.0
org.apache.commons.math.util$FastMath$ExpFracTable#<clinit>():3782;0.0
org.apache.commons.math.util$FastMath$ExpFracTable#<clinit>():3783;0.0
org.apache.commons.math.util$FastMath$ExpFracTable#<clinit>():3784;0.0
org.apache.commons.math.util$FastMath$ExpFracTable#<clinit>():3785;0.0
org.apache.commons.math.util$FastMath$ExpFracTable#<clinit>():3787;0.0
org.apache.commons.math.exception$MathIllegalArgumentException#MathIllegalArgumentException(org.apache.commons.math.exception.util.Localizable,java.lang.Object[]):44;0.0
org.apache.commons.math.exception$MathIllegalArgumentException#MathIllegalArgumentException(org.apache.commons.math.exception.util.Localizable,java.lang.Object[]):45;0.0
org.apache.commons.math.exception$MathIllegalArgumentException#MathIllegalArgumentException(org.apache.commons.math.exception.util.Localizable,java.lang.Object[]):46;0.0
org.apache.commons.math.exception$MathIllegalArgumentException#MathIllegalArgumentException(org.apache.commons.math.exception.util.Localizable,java.lang.Object[]):47;0.0
org.apache.commons.math.exception$MathIllegalArgumentException#getContext():51;0.0
org.apache.commons.math.exception$MathIllegalArgumentException#getMessage():57;0.0
org.apache.commons.math.exception$MathIllegalArgumentException#getLocalizedMessage():63;0.0
org.apache.commons.math.exception$NullArgumentException#NullArgumentException():41;0.0
org.apache.commons.math.exception$NullArgumentException#NullArgumentException():42;0.0
org.apache.commons.math.exception$NullArgumentException#NullArgumentException(org.apache.commons.math.exception.util.Localizable,java.lang.Object[]):50;0.0
org.apache.commons.math.exception$NullArgumentException#NullArgumentException(org.apache.commons.math.exception.util.Localizable,java.lang.Object[]):51;0.0
org.apache.commons.math.exception$MathIllegalNumberException#MathIllegalNumberException(org.apache.commons.math.exception.util.Localizable,java.lang.Number,java.lang.Object[]):46;0.0
org.apache.commons.math.exception$MathIllegalNumberException#MathIllegalNumberException(org.apache.commons.math.exception.util.Localizable,java.lang.Number,java.lang.Object[]):47;0.0
org.apache.commons.math.exception$MathIllegalNumberException#MathIllegalNumberException(org.apache.commons.math.exception.util.Localizable,java.lang.Number,java.lang.Object[]):48;0.0
org.apache.commons.math.exception$MathIllegalNumberException#getArgument():54;0.0
org.apache.commons.math.exception$NumberIsTooSmallException#NumberIsTooSmallException(java.lang.Number,java.lang.Number,boolean):50;0.0
org.apache.commons.math.exception$NumberIsTooSmallException#NumberIsTooSmallException(java.lang.Number,java.lang.Number,boolean):54;0.0
org.apache.commons.math.exception$NumberIsTooSmallException#NumberIsTooSmallException(org.apache.commons.math.exception.util.Localizable,java.lang.Number,java.lang.Number,boolean):68;0.0
org.apache.commons.math.exception$NumberIsTooSmallException#NumberIsTooSmallException(org.apache.commons.math.exception.util.Localizable,java.lang.Number,java.lang.Number,boolean):70;0.0
org.apache.commons.math.exception$NumberIsTooSmallException#NumberIsTooSmallException(org.apache.commons.math.exception.util.Localizable,java.lang.Number,java.lang.Number,boolean):71;0.0
org.apache.commons.math.exception$NumberIsTooSmallException#NumberIsTooSmallException(org.apache.commons.math.exception.util.Localizable,java.lang.Number,java.lang.Number,boolean):72;0.0
org.apache.commons.math.exception$NumberIsTooSmallException#getBoundIsAllowed():78;0.0
org.apache.commons.math.exception$NumberIsTooSmallException#getMin():85;0.0
org.apache.commons.math.exception$NotStrictlyPositiveException#NotStrictlyPositiveException(java.lang.Number):38;0.0
org.apache.commons.math.exception$NotStrictlyPositiveException#NotStrictlyPositiveException(java.lang.Number):39;0.0
org.apache.commons.math.exception$NotStrictlyPositiveException#NotStrictlyPositiveException(org.apache.commons.math.exception.util.Localizable,java.lang.Number):48;0.0
org.apache.commons.math.exception$NotStrictlyPositiveException#NotStrictlyPositiveException(org.apache.commons.math.exception.util.Localizable,java.lang.Number):49;0.0
org.apache.commons.math.exception$NumberIsTooLargeException#NumberIsTooLargeException(java.lang.Number,java.lang.Number,boolean):50;0.0
org.apache.commons.math.exception$NumberIsTooLargeException#NumberIsTooLargeException(java.lang.Number,java.lang.Number,boolean):54;0.0
org.apache.commons.math.exception$NumberIsTooLargeException#NumberIsTooLargeException(org.apache.commons.math.exception.util.Localizable,java.lang.Number,java.lang.Number,boolean):67;0.0
org.apache.commons.math.exception$NumberIsTooLargeException#NumberIsTooLargeException(org.apache.commons.math.exception.util.Localizable,java.lang.Number,java.lang.Number,boolean):69;0.0
org.apache.commons.math.exception$NumberIsTooLargeException#NumberIsTooLargeException(org.apache.commons.math.exception.util.Localizable,java.lang.Number,java.lang.Number,boolean):70;0.0
org.apache.commons.math.exception$NumberIsTooLargeException#NumberIsTooLargeException(org.apache.commons.math.exception.util.Localizable,java.lang.Number,java.lang.Number,boolean):71;0.0
org.apache.commons.math.exception$NumberIsTooLargeException#getBoundIsAllowed():77;0.0
org.apache.commons.math.exception$NumberIsTooLargeException#getMax():84;0.0
org.apache.commons.math.linear$MatrixUtils#MatrixUtils():53;0.0
org.apache.commons.math.linear$MatrixUtils#MatrixUtils():54;0.0
org.apache.commons.math.linear$MatrixUtils#createRealMatrix(int,int):70;0.0
org.apache.commons.math.linear$MatrixUtils#createFieldMatrix(org.apache.commons.math.Field,int,int):92;0.0
org.apache.commons.math.linear$MatrixUtils#createRealMatrix(double[][]):116;0.0
org.apache.commons.math.linear$MatrixUtils#createRealMatrix(double[][]):118;0.0
org.apache.commons.math.linear$MatrixUtils#createRealMatrix(double[][]):120;0.0
org.apache.commons.math.linear$MatrixUtils#createFieldMatrix(org.apache.commons.math.FieldElement[][]):144;0.0
org.apache.commons.math.linear$MatrixUtils#createFieldMatrix(org.apache.commons.math.FieldElement[][]):146;0.0
org.apache.commons.math.linear$MatrixUtils#createFieldMatrix(org.apache.commons.math.FieldElement[][]):148;0.0
org.apache.commons.math.linear$MatrixUtils#createRealIdentityMatrix(int):161;0.0
org.apache.commons.math.linear$MatrixUtils#createRealIdentityMatrix(int):162;0.0
org.apache.commons.math.linear$MatrixUtils#createRealIdentityMatrix(int):163;0.0
org.apache.commons.math.linear$MatrixUtils#createRealIdentityMatrix(int):165;0.0
org.apache.commons.math.linear$MatrixUtils#createFieldIdentityMatrix(org.apache.commons.math.Field,int):180;0.0
org.apache.commons.math.linear$MatrixUtils#createFieldIdentityMatrix(org.apache.commons.math.Field,int):181;0.0
org.apache.commons.math.linear$MatrixUtils#createFieldIdentityMatrix(org.apache.commons.math.Field,int):183;0.0
org.apache.commons.math.linear$MatrixUtils#createFieldIdentityMatrix(org.apache.commons.math.Field,int):184;0.0
org.apache.commons.math.linear$MatrixUtils#createFieldIdentityMatrix(org.apache.commons.math.Field,int):185;0.0
org.apache.commons.math.linear$MatrixUtils#createFieldIdentityMatrix(org.apache.commons.math.Field,int):186;0.0
org.apache.commons.math.linear$MatrixUtils#createFieldIdentityMatrix(org.apache.commons.math.Field,int):187;0.0
org.apache.commons.math.linear$MatrixUtils#createFieldIdentityMatrix(org.apache.commons.math.Field,int):189;0.0
org.apache.commons.math.linear$MatrixUtils#createRealDiagonalMatrix(double[]):201;0.0
org.apache.commons.math.linear$MatrixUtils#createRealDiagonalMatrix(double[]):202;0.0
org.apache.commons.math.linear$MatrixUtils#createRealDiagonalMatrix(double[]):203;0.0
org.apache.commons.math.linear$MatrixUtils#createRealDiagonalMatrix(double[]):205;0.0
org.apache.commons.math.linear$MatrixUtils#createFieldDiagonalMatrix(org.apache.commons.math.FieldElement[]):219;0.0
org.apache.commons.math.linear$MatrixUtils#createFieldDiagonalMatrix(org.apache.commons.math.FieldElement[]):221;0.0
org.apache.commons.math.linear$MatrixUtils#createFieldDiagonalMatrix(org.apache.commons.math.FieldElement[]):222;0.0
org.apache.commons.math.linear$MatrixUtils#createFieldDiagonalMatrix(org.apache.commons.math.FieldElement[]):224;0.0
org.apache.commons.math.linear$MatrixUtils#createRealVector(double[]):236;0.0
org.apache.commons.math.linear$MatrixUtils#createRealVector(double[]):237;0.0
org.apache.commons.math.linear$MatrixUtils#createRealVector(double[]):239;0.0
org.apache.commons.math.linear$MatrixUtils#createFieldVector(org.apache.commons.math.FieldElement[]):253;0.0
org.apache.commons.math.linear$MatrixUtils#createFieldVector(org.apache.commons.math.FieldElement[]):254;0.0
org.apache.commons.math.linear$MatrixUtils#createFieldVector(org.apache.commons.math.FieldElement[]):256;0.0
org.apache.commons.math.linear$MatrixUtils#createFieldVector(org.apache.commons.math.FieldElement[]):257;0.0
org.apache.commons.math.linear$MatrixUtils#createFieldVector(org.apache.commons.math.FieldElement[]):259;0.0
org.apache.commons.math.linear$MatrixUtils#createRowRealMatrix(double[]):272;0.0
org.apache.commons.math.linear$MatrixUtils#createRowRealMatrix(double[]):273;0.0
org.apache.commons.math.linear$MatrixUtils#createRowRealMatrix(double[]):275;0.0
org.apache.commons.math.linear$MatrixUtils#createRowRealMatrix(double[]):276;0.0
org.apache.commons.math.linear$MatrixUtils#createRowRealMatrix(double[]):277;0.0
org.apache.commons.math.linear$MatrixUtils#createRowRealMatrix(double[]):278;0.0
org.apache.commons.math.linear$MatrixUtils#createRowRealMatrix(double[]):280;0.0
org.apache.commons.math.linear$MatrixUtils#createRowFieldMatrix(org.apache.commons.math.FieldElement[]):295;0.0
org.apache.commons.math.linear$MatrixUtils#createRowFieldMatrix(org.apache.commons.math.FieldElement[]):296;0.0
org.apache.commons.math.linear$MatrixUtils#createRowFieldMatrix(org.apache.commons.math.FieldElement[]):298;0.0
org.apache.commons.math.linear$MatrixUtils#createRowFieldMatrix(org.apache.commons.math.FieldElement[]):299;0.0
org.apache.commons.math.linear$MatrixUtils#createRowFieldMatrix(org.apache.commons.math.FieldElement[]):300;0.0
org.apache.commons.math.linear$MatrixUtils#createRowFieldMatrix(org.apache.commons.math.FieldElement[]):302;0.0
org.apache.commons.math.linear$MatrixUtils#createRowFieldMatrix(org.apache.commons.math.FieldElement[]):303;0.0
org.apache.commons.math.linear$MatrixUtils#createRowFieldMatrix(org.apache.commons.math.FieldElement[]):304;0.0
org.apache.commons.math.linear$MatrixUtils#createRowFieldMatrix(org.apache.commons.math.FieldElement[]):306;0.0
org.apache.commons.math.linear$MatrixUtils#createColumnRealMatrix(double[]):319;0.0
org.apache.commons.math.linear$MatrixUtils#createColumnRealMatrix(double[]):320;0.0
org.apache.commons.math.linear$MatrixUtils#createColumnRealMatrix(double[]):322;0.0
org.apache.commons.math.linear$MatrixUtils#createColumnRealMatrix(double[]):323;0.0
org.apache.commons.math.linear$MatrixUtils#createColumnRealMatrix(double[]):324;0.0
org.apache.commons.math.linear$MatrixUtils#createColumnRealMatrix(double[]):325;0.0
org.apache.commons.math.linear$MatrixUtils#createColumnRealMatrix(double[]):327;0.0
org.apache.commons.math.linear$MatrixUtils#createColumnFieldMatrix(org.apache.commons.math.FieldElement[]):342;0.0
org.apache.commons.math.linear$MatrixUtils#createColumnFieldMatrix(org.apache.commons.math.FieldElement[]):343;0.0
org.apache.commons.math.linear$MatrixUtils#createColumnFieldMatrix(org.apache.commons.math.FieldElement[]):345;0.0
org.apache.commons.math.linear$MatrixUtils#createColumnFieldMatrix(org.apache.commons.math.FieldElement[]):346;0.0
org.apache.commons.math.linear$MatrixUtils#createColumnFieldMatrix(org.apache.commons.math.FieldElement[]):347;0.0
org.apache.commons.math.linear$MatrixUtils#createColumnFieldMatrix(org.apache.commons.math.FieldElement[]):349;0.0
org.apache.commons.math.linear$MatrixUtils#createColumnFieldMatrix(org.apache.commons.math.FieldElement[]):350;0.0
org.apache.commons.math.linear$MatrixUtils#createColumnFieldMatrix(org.apache.commons.math.FieldElement[]):351;0.0
org.apache.commons.math.linear$MatrixUtils#createColumnFieldMatrix(org.apache.commons.math.FieldElement[]):353;0.0
org.apache.commons.math.linear$MatrixUtils#checkRowIndex(org.apache.commons.math.linear.AnyMatrix,int):381;0.0
org.apache.commons.math.linear$MatrixUtils#checkColumnIndex(org.apache.commons.math.linear.AnyMatrix,int):395;0.0
org.apache.commons.math.linear$MatrixUtils#checkSubMatrixIndex(org.apache.commons.math.linear.AnyMatrix,int,int,int,int):416;0.0
org.apache.commons.math.linear$MatrixUtils#checkSubMatrixIndex(org.apache.commons.math.linear.AnyMatrix,int,int,int,int):417;0.0
org.apache.commons.math.linear$MatrixUtils#checkSubMatrixIndex(org.apache.commons.math.linear.AnyMatrix,int,int,int,int):418;0.0
org.apache.commons.math.linear$MatrixUtils#checkSubMatrixIndex(org.apache.commons.math.linear.AnyMatrix,int,int,int,int):419;0.0
org.apache.commons.math.linear$MatrixUtils#checkSubMatrixIndex(org.apache.commons.math.linear.AnyMatrix,int,int,int,int):423;0.0
org.apache.commons.math.linear$MatrixUtils#checkSubMatrixIndex(org.apache.commons.math.linear.AnyMatrix,int,int,int,int):424;0.0
org.apache.commons.math.linear$MatrixUtils#checkSubMatrixIndex(org.apache.commons.math.linear.AnyMatrix,int,int,int,int):425;0.0
org.apache.commons.math.linear$MatrixUtils#checkSubMatrixIndex(org.apache.commons.math.linear.AnyMatrix,int,int,int,int):426;0.0
org.apache.commons.math.linear$MatrixUtils#checkSubMatrixIndex(org.apache.commons.math.linear.AnyMatrix,int,int,int,int):431;0.0
org.apache.commons.math.linear$MatrixUtils#checkSubMatrixIndex(org.apache.commons.math.linear.AnyMatrix,int[],int[]):449;0.0
org.apache.commons.math.linear$MatrixUtils#checkSubMatrixIndex(org.apache.commons.math.linear.AnyMatrix,int[],int[]):450;0.0
org.apache.commons.math.linear$MatrixUtils#checkSubMatrixIndex(org.apache.commons.math.linear.AnyMatrix,int[],int[]):452;0.0
org.apache.commons.math.linear$MatrixUtils#checkSubMatrixIndex(org.apache.commons.math.linear.AnyMatrix,int[],int[]):453;0.0
org.apache.commons.math.linear$MatrixUtils#checkSubMatrixIndex(org.apache.commons.math.linear.AnyMatrix,int[],int[]):455;0.0
org.apache.commons.math.linear$MatrixUtils#checkSubMatrixIndex(org.apache.commons.math.linear.AnyMatrix,int[],int[]):456;0.0
org.apache.commons.math.linear$MatrixUtils#checkSubMatrixIndex(org.apache.commons.math.linear.AnyMatrix,int[],int[]):458;0.0
org.apache.commons.math.linear$MatrixUtils#checkSubMatrixIndex(org.apache.commons.math.linear.AnyMatrix,int[],int[]):459;0.0
org.apache.commons.math.linear$MatrixUtils#checkSubMatrixIndex(org.apache.commons.math.linear.AnyMatrix,int[],int[]):462;0.0
org.apache.commons.math.linear$MatrixUtils#checkSubMatrixIndex(org.apache.commons.math.linear.AnyMatrix,int[],int[]):463;0.0
org.apache.commons.math.linear$MatrixUtils#checkSubMatrixIndex(org.apache.commons.math.linear.AnyMatrix,int[],int[]):465;0.0
org.apache.commons.math.linear$MatrixUtils#checkSubMatrixIndex(org.apache.commons.math.linear.AnyMatrix,int[],int[]):466;0.0
org.apache.commons.math.linear$MatrixUtils#checkSubMatrixIndex(org.apache.commons.math.linear.AnyMatrix,int[],int[]):468;0.0
org.apache.commons.math.linear$MatrixUtils#checkAdditionCompatible(org.apache.commons.math.linear.AnyMatrix,org.apache.commons.math.linear.AnyMatrix):478;0.0
org.apache.commons.math.linear$MatrixUtils#checkAdditionCompatible(org.apache.commons.math.linear.AnyMatrix,org.apache.commons.math.linear.AnyMatrix):480;0.0
org.apache.commons.math.linear$MatrixUtils#checkAdditionCompatible(org.apache.commons.math.linear.AnyMatrix,org.apache.commons.math.linear.AnyMatrix):483;0.0
org.apache.commons.math.linear$MatrixUtils#checkSubtractionCompatible(org.apache.commons.math.linear.AnyMatrix,org.apache.commons.math.linear.AnyMatrix):493;0.0
org.apache.commons.math.linear$MatrixUtils#checkSubtractionCompatible(org.apache.commons.math.linear.AnyMatrix,org.apache.commons.math.linear.AnyMatrix):495;0.0
org.apache.commons.math.linear$MatrixUtils#checkSubtractionCompatible(org.apache.commons.math.linear.AnyMatrix,org.apache.commons.math.linear.AnyMatrix):498;0.0
org.apache.commons.math.linear$MatrixUtils#checkMultiplicationCompatible(org.apache.commons.math.linear.AnyMatrix,org.apache.commons.math.linear.AnyMatrix):508;0.0
org.apache.commons.math.linear$MatrixUtils#checkMultiplicationCompatible(org.apache.commons.math.linear.AnyMatrix,org.apache.commons.math.linear.AnyMatrix):509;0.0
org.apache.commons.math.linear$MatrixUtils#checkMultiplicationCompatible(org.apache.commons.math.linear.AnyMatrix,org.apache.commons.math.linear.AnyMatrix):512;0.0
org.apache.commons.math.linear$MatrixUtils#fractionMatrixToRealMatrix(org.apache.commons.math.linear.FieldMatrix):520;0.0
org.apache.commons.math.linear$MatrixUtils#fractionMatrixToRealMatrix(org.apache.commons.math.linear.FieldMatrix):521;0.0
org.apache.commons.math.linear$MatrixUtils#fractionMatrixToRealMatrix(org.apache.commons.math.linear.FieldMatrix):522;0.0
org.apache.commons.math.linear$MatrixUtils#bigFractionMatrixToRealMatrix(org.apache.commons.math.linear.FieldMatrix):565;0.0
org.apache.commons.math.linear$MatrixUtils#bigFractionMatrixToRealMatrix(org.apache.commons.math.linear.FieldMatrix):566;0.0
org.apache.commons.math.linear$MatrixUtils#bigFractionMatrixToRealMatrix(org.apache.commons.math.linear.FieldMatrix):567;0.0
org.apache.commons.math.linear$MatrixUtils#serializeRealVector(org.apache.commons.math.linear.RealVector,java.io.ObjectOutputStream):645;0.0
org.apache.commons.math.linear$MatrixUtils#serializeRealVector(org.apache.commons.math.linear.RealVector,java.io.ObjectOutputStream):646;0.0
org.apache.commons.math.linear$MatrixUtils#serializeRealVector(org.apache.commons.math.linear.RealVector,java.io.ObjectOutputStream):647;0.0
org.apache.commons.math.linear$MatrixUtils#serializeRealVector(org.apache.commons.math.linear.RealVector,java.io.ObjectOutputStream):648;0.0
org.apache.commons.math.linear$MatrixUtils#serializeRealVector(org.apache.commons.math.linear.RealVector,java.io.ObjectOutputStream):650;0.0
org.apache.commons.math.linear$MatrixUtils#deserializeRealVector(java.lang.Object,java.lang.String,java.io.ObjectInputStream):676;0.0
org.apache.commons.math.linear$MatrixUtils#deserializeRealVector(java.lang.Object,java.lang.String,java.io.ObjectInputStream):677;0.0
org.apache.commons.math.linear$MatrixUtils#deserializeRealVector(java.lang.Object,java.lang.String,java.io.ObjectInputStream):678;0.0
org.apache.commons.math.linear$MatrixUtils#deserializeRealVector(java.lang.Object,java.lang.String,java.io.ObjectInputStream):679;0.0
org.apache.commons.math.linear$MatrixUtils#deserializeRealVector(java.lang.Object,java.lang.String,java.io.ObjectInputStream):683;0.0
org.apache.commons.math.linear$MatrixUtils#deserializeRealVector(java.lang.Object,java.lang.String,java.io.ObjectInputStream):686;0.0
org.apache.commons.math.linear$MatrixUtils#deserializeRealVector(java.lang.Object,java.lang.String,java.io.ObjectInputStream):688;0.0
org.apache.commons.math.linear$MatrixUtils#deserializeRealVector(java.lang.Object,java.lang.String,java.io.ObjectInputStream):689;0.0
org.apache.commons.math.linear$MatrixUtils#deserializeRealVector(java.lang.Object,java.lang.String,java.io.ObjectInputStream):699;0.0
org.apache.commons.math.linear$MatrixUtils#deserializeRealVector(java.lang.Object,java.lang.String,java.io.ObjectInputStream):691;0.0
org.apache.commons.math.linear$MatrixUtils#deserializeRealVector(java.lang.Object,java.lang.String,java.io.ObjectInputStream):692;0.0
org.apache.commons.math.linear$MatrixUtils#deserializeRealVector(java.lang.Object,java.lang.String,java.io.ObjectInputStream):693;0.0
org.apache.commons.math.linear$MatrixUtils#deserializeRealVector(java.lang.Object,java.lang.String,java.io.ObjectInputStream):694;0.0
org.apache.commons.math.linear$MatrixUtils#deserializeRealVector(java.lang.Object,java.lang.String,java.io.ObjectInputStream):695;0.0
org.apache.commons.math.linear$MatrixUtils#deserializeRealVector(java.lang.Object,java.lang.String,java.io.ObjectInputStream):696;0.0
org.apache.commons.math.linear$MatrixUtils#deserializeRealVector(java.lang.Object,java.lang.String,java.io.ObjectInputStream):697;0.0
org.apache.commons.math.linear$MatrixUtils#deserializeRealVector(java.lang.Object,java.lang.String,java.io.ObjectInputStream):698;0.0
org.apache.commons.math.linear$MatrixUtils#deserializeRealVector(java.lang.Object,java.lang.String,java.io.ObjectInputStream):701;0.0
org.apache.commons.math.linear$MatrixUtils#serializeRealMatrix(org.apache.commons.math.linear.RealMatrix,java.io.ObjectOutputStream):746;0.0
org.apache.commons.math.linear$MatrixUtils#serializeRealMatrix(org.apache.commons.math.linear.RealMatrix,java.io.ObjectOutputStream):747;0.0
org.apache.commons.math.linear$MatrixUtils#serializeRealMatrix(org.apache.commons.math.linear.RealMatrix,java.io.ObjectOutputStream):748;0.0
org.apache.commons.math.linear$MatrixUtils#serializeRealMatrix(org.apache.commons.math.linear.RealMatrix,java.io.ObjectOutputStream):749;0.0
org.apache.commons.math.linear$MatrixUtils#serializeRealMatrix(org.apache.commons.math.linear.RealMatrix,java.io.ObjectOutputStream):750;0.0
org.apache.commons.math.linear$MatrixUtils#serializeRealMatrix(org.apache.commons.math.linear.RealMatrix,java.io.ObjectOutputStream):751;0.0
org.apache.commons.math.linear$MatrixUtils#serializeRealMatrix(org.apache.commons.math.linear.RealMatrix,java.io.ObjectOutputStream):752;0.0
org.apache.commons.math.linear$MatrixUtils#serializeRealMatrix(org.apache.commons.math.linear.RealMatrix,java.io.ObjectOutputStream):755;0.0
org.apache.commons.math.linear$MatrixUtils#deserializeRealMatrix(java.lang.Object,java.lang.String,java.io.ObjectInputStream):781;0.0
org.apache.commons.math.linear$MatrixUtils#deserializeRealMatrix(java.lang.Object,java.lang.String,java.io.ObjectInputStream):782;0.0
org.apache.commons.math.linear$MatrixUtils#deserializeRealMatrix(java.lang.Object,java.lang.String,java.io.ObjectInputStream):783;0.0
org.apache.commons.math.linear$MatrixUtils#deserializeRealMatrix(java.lang.Object,java.lang.String,java.io.ObjectInputStream):784;0.0
org.apache.commons.math.linear$MatrixUtils#deserializeRealMatrix(java.lang.Object,java.lang.String,java.io.ObjectInputStream):785;0.0
org.apache.commons.math.linear$MatrixUtils#deserializeRealMatrix(java.lang.Object,java.lang.String,java.io.ObjectInputStream):786;0.0
org.apache.commons.math.linear$MatrixUtils#deserializeRealMatrix(java.lang.Object,java.lang.String,java.io.ObjectInputStream):787;0.0
org.apache.commons.math.linear$MatrixUtils#deserializeRealMatrix(java.lang.Object,java.lang.String,java.io.ObjectInputStream):792;0.0
org.apache.commons.math.linear$MatrixUtils#deserializeRealMatrix(java.lang.Object,java.lang.String,java.io.ObjectInputStream):795;0.0
org.apache.commons.math.linear$MatrixUtils#deserializeRealMatrix(java.lang.Object,java.lang.String,java.io.ObjectInputStream):797;0.0
org.apache.commons.math.linear$MatrixUtils#deserializeRealMatrix(java.lang.Object,java.lang.String,java.io.ObjectInputStream):798;0.0
org.apache.commons.math.linear$MatrixUtils#deserializeRealMatrix(java.lang.Object,java.lang.String,java.io.ObjectInputStream):808;0.0
org.apache.commons.math.linear$MatrixUtils#deserializeRealMatrix(java.lang.Object,java.lang.String,java.io.ObjectInputStream):800;0.0
org.apache.commons.math.linear$MatrixUtils#deserializeRealMatrix(java.lang.Object,java.lang.String,java.io.ObjectInputStream):801;0.0
org.apache.commons.math.linear$MatrixUtils#deserializeRealMatrix(java.lang.Object,java.lang.String,java.io.ObjectInputStream):802;0.0
org.apache.commons.math.linear$MatrixUtils#deserializeRealMatrix(java.lang.Object,java.lang.String,java.io.ObjectInputStream):803;0.0
org.apache.commons.math.linear$MatrixUtils#deserializeRealMatrix(java.lang.Object,java.lang.String,java.io.ObjectInputStream):804;0.0
org.apache.commons.math.linear$MatrixUtils#deserializeRealMatrix(java.lang.Object,java.lang.String,java.io.ObjectInputStream):805;0.0
org.apache.commons.math.linear$MatrixUtils#deserializeRealMatrix(java.lang.Object,java.lang.String,java.io.ObjectInputStream):806;0.0
org.apache.commons.math.linear$MatrixUtils#deserializeRealMatrix(java.lang.Object,java.lang.String,java.io.ObjectInputStream):807;0.0
org.apache.commons.math.linear$MatrixUtils#deserializeRealMatrix(java.lang.Object,java.lang.String,java.io.ObjectInputStream):809;0.0
org.apache.commons.math.linear$MatrixUtils#solveLowerTriangularSystem(org.apache.commons.math.linear.RealMatrix,org.apache.commons.math.linear.RealVector):827;0.0
org.apache.commons.math.linear$MatrixUtils#solveLowerTriangularSystem(org.apache.commons.math.linear.RealMatrix,org.apache.commons.math.linear.RealVector):828;0.0
org.apache.commons.math.linear$MatrixUtils#solveLowerTriangularSystem(org.apache.commons.math.linear.RealMatrix,org.apache.commons.math.linear.RealVector):832;0.0
org.apache.commons.math.linear$MatrixUtils#solveLowerTriangularSystem(org.apache.commons.math.linear.RealMatrix,org.apache.commons.math.linear.RealVector):833;0.0
org.apache.commons.math.linear$MatrixUtils#solveLowerTriangularSystem(org.apache.commons.math.linear.RealMatrix,org.apache.commons.math.linear.RealVector):837;0.0
org.apache.commons.math.linear$MatrixUtils#solveLowerTriangularSystem(org.apache.commons.math.linear.RealMatrix,org.apache.commons.math.linear.RealVector):838;0.0
org.apache.commons.math.linear$MatrixUtils#solveLowerTriangularSystem(org.apache.commons.math.linear.RealMatrix,org.apache.commons.math.linear.RealVector):839;0.0
org.apache.commons.math.linear$MatrixUtils#solveLowerTriangularSystem(org.apache.commons.math.linear.RealMatrix,org.apache.commons.math.linear.RealVector):840;0.0
org.apache.commons.math.linear$MatrixUtils#solveLowerTriangularSystem(org.apache.commons.math.linear.RealMatrix,org.apache.commons.math.linear.RealVector):841;0.0
org.apache.commons.math.linear$MatrixUtils#solveLowerTriangularSystem(org.apache.commons.math.linear.RealMatrix,org.apache.commons.math.linear.RealVector):843;0.0
org.apache.commons.math.linear$MatrixUtils#solveLowerTriangularSystem(org.apache.commons.math.linear.RealMatrix,org.apache.commons.math.linear.RealVector):844;0.0
org.apache.commons.math.linear$MatrixUtils#solveLowerTriangularSystem(org.apache.commons.math.linear.RealMatrix,org.apache.commons.math.linear.RealVector):845;0.0
org.apache.commons.math.linear$MatrixUtils#solveLowerTriangularSystem(org.apache.commons.math.linear.RealMatrix,org.apache.commons.math.linear.RealVector):846;0.0
org.apache.commons.math.linear$MatrixUtils#solveLowerTriangularSystem(org.apache.commons.math.linear.RealMatrix,org.apache.commons.math.linear.RealVector):849;0.0
org.apache.commons.math.linear$MatrixUtils#solveUpperTriangularSystem(org.apache.commons.math.linear.RealMatrix,org.apache.commons.math.linear.RealVector):867;0.0
org.apache.commons.math.linear$MatrixUtils#solveUpperTriangularSystem(org.apache.commons.math.linear.RealMatrix,org.apache.commons.math.linear.RealVector):868;0.0
org.apache.commons.math.linear$MatrixUtils#solveUpperTriangularSystem(org.apache.commons.math.linear.RealMatrix,org.apache.commons.math.linear.RealVector):872;0.0
org.apache.commons.math.linear$MatrixUtils#solveUpperTriangularSystem(org.apache.commons.math.linear.RealMatrix,org.apache.commons.math.linear.RealVector):873;0.0
org.apache.commons.math.linear$MatrixUtils#solveUpperTriangularSystem(org.apache.commons.math.linear.RealMatrix,org.apache.commons.math.linear.RealVector):877;0.0
org.apache.commons.math.linear$MatrixUtils#solveUpperTriangularSystem(org.apache.commons.math.linear.RealMatrix,org.apache.commons.math.linear.RealVector):878;0.0
org.apache.commons.math.linear$MatrixUtils#solveUpperTriangularSystem(org.apache.commons.math.linear.RealMatrix,org.apache.commons.math.linear.RealVector):879;0.0
org.apache.commons.math.linear$MatrixUtils#solveUpperTriangularSystem(org.apache.commons.math.linear.RealMatrix,org.apache.commons.math.linear.RealVector):880;0.0
org.apache.commons.math.linear$MatrixUtils#solveUpperTriangularSystem(org.apache.commons.math.linear.RealMatrix,org.apache.commons.math.linear.RealVector):881;0.0
org.apache.commons.math.linear$MatrixUtils#solveUpperTriangularSystem(org.apache.commons.math.linear.RealMatrix,org.apache.commons.math.linear.RealVector):883;0.0
org.apache.commons.math.linear$MatrixUtils#solveUpperTriangularSystem(org.apache.commons.math.linear.RealMatrix,org.apache.commons.math.linear.RealVector):884;0.0
org.apache.commons.math.linear$MatrixUtils#solveUpperTriangularSystem(org.apache.commons.math.linear.RealMatrix,org.apache.commons.math.linear.RealVector):885;0.0
org.apache.commons.math.linear$MatrixUtils#solveUpperTriangularSystem(org.apache.commons.math.linear.RealMatrix,org.apache.commons.math.linear.RealVector):886;0.0
org.apache.commons.math.linear$MatrixUtils#solveUpperTriangularSystem(org.apache.commons.math.linear.RealMatrix,org.apache.commons.math.linear.RealVector):889;0.0
org.apache.commons.math.linear$AbstractRealMatrix#AbstractRealMatrix(int,int):55;0.0
org.apache.commons.math.linear$AbstractRealMatrix#AbstractRealMatrix(int,int):58;0.0
org.apache.commons.math.linear$AbstractRealMatrix#add(org.apache.commons.math.linear.RealMatrix):71;0.0
org.apache.commons.math.linear$AbstractRealMatrix#add(org.apache.commons.math.linear.RealMatrix):73;0.0
org.apache.commons.math.linear$AbstractRealMatrix#add(org.apache.commons.math.linear.RealMatrix):74;0.0
org.apache.commons.math.linear$AbstractRealMatrix#add(org.apache.commons.math.linear.RealMatrix):75;0.0
org.apache.commons.math.linear$AbstractRealMatrix#add(org.apache.commons.math.linear.RealMatrix):76;0.0
org.apache.commons.math.linear$AbstractRealMatrix#add(org.apache.commons.math.linear.RealMatrix):77;0.0
org.apache.commons.math.linear$AbstractRealMatrix#add(org.apache.commons.math.linear.RealMatrix):78;0.0
org.apache.commons.math.linear$AbstractRealMatrix#add(org.apache.commons.math.linear.RealMatrix):82;0.0
org.apache.commons.math.linear$AbstractRealMatrix#subtract(org.apache.commons.math.linear.RealMatrix):88;0.0
org.apache.commons.math.linear$AbstractRealMatrix#subtract(org.apache.commons.math.linear.RealMatrix):90;0.0
org.apache.commons.math.linear$AbstractRealMatrix#subtract(org.apache.commons.math.linear.RealMatrix):91;0.0
org.apache.commons.math.linear$AbstractRealMatrix#subtract(org.apache.commons.math.linear.RealMatrix):92;0.0
org.apache.commons.math.linear$AbstractRealMatrix#subtract(org.apache.commons.math.linear.RealMatrix):93;0.0
org.apache.commons.math.linear$AbstractRealMatrix#subtract(org.apache.commons.math.linear.RealMatrix):94;0.0
org.apache.commons.math.linear$AbstractRealMatrix#subtract(org.apache.commons.math.linear.RealMatrix):95;0.0
org.apache.commons.math.linear$AbstractRealMatrix#subtract(org.apache.commons.math.linear.RealMatrix):99;0.0
org.apache.commons.math.linear$AbstractRealMatrix#scalarAdd(double):104;0.0
org.apache.commons.math.linear$AbstractRealMatrix#scalarAdd(double):105;0.0
org.apache.commons.math.linear$AbstractRealMatrix#scalarAdd(double):106;0.0
org.apache.commons.math.linear$AbstractRealMatrix#scalarAdd(double):107;0.0
org.apache.commons.math.linear$AbstractRealMatrix#scalarAdd(double):108;0.0
org.apache.commons.math.linear$AbstractRealMatrix#scalarAdd(double):109;0.0
org.apache.commons.math.linear$AbstractRealMatrix#scalarAdd(double):113;0.0
org.apache.commons.math.linear$AbstractRealMatrix#scalarMultiply(double):118;0.0
org.apache.commons.math.linear$AbstractRealMatrix#scalarMultiply(double):119;0.0
org.apache.commons.math.linear$AbstractRealMatrix#scalarMultiply(double):120;0.0
org.apache.commons.math.linear$AbstractRealMatrix#scalarMultiply(double):121;0.0
org.apache.commons.math.linear$AbstractRealMatrix#scalarMultiply(double):122;0.0
org.apache.commons.math.linear$AbstractRealMatrix#scalarMultiply(double):123;0.0
org.apache.commons.math.linear$AbstractRealMatrix#scalarMultiply(double):127;0.0
org.apache.commons.math.linear$AbstractRealMatrix#multiply(org.apache.commons.math.linear.RealMatrix):133;0.0
org.apache.commons.math.linear$AbstractRealMatrix#multiply(org.apache.commons.math.linear.RealMatrix):135;0.0
org.apache.commons.math.linear$AbstractRealMatrix#multiply(org.apache.commons.math.linear.RealMatrix):136;0.0
org.apache.commons.math.linear$AbstractRealMatrix#multiply(org.apache.commons.math.linear.RealMatrix):137;0.0
org.apache.commons.math.linear$AbstractRealMatrix#multiply(org.apache.commons.math.linear.RealMatrix):138;0.0
org.apache.commons.math.linear$AbstractRealMatrix#multiply(org.apache.commons.math.linear.RealMatrix):139;0.0
org.apache.commons.math.linear$AbstractRealMatrix#multiply(org.apache.commons.math.linear.RealMatrix):140;0.0
org.apache.commons.math.linear$AbstractRealMatrix#multiply(org.apache.commons.math.linear.RealMatrix):141;0.0
org.apache.commons.math.linear$AbstractRealMatrix#multiply(org.apache.commons.math.linear.RealMatrix):142;0.0
org.apache.commons.math.linear$AbstractRealMatrix#multiply(org.apache.commons.math.linear.RealMatrix):143;0.0
org.apache.commons.math.linear$AbstractRealMatrix#multiply(org.apache.commons.math.linear.RealMatrix):145;0.0
org.apache.commons.math.linear$AbstractRealMatrix#multiply(org.apache.commons.math.linear.RealMatrix):149;0.0
org.apache.commons.math.linear$AbstractRealMatrix#preMultiply(org.apache.commons.math.linear.RealMatrix):154;0.0
org.apache.commons.math.linear$AbstractRealMatrix#power(int):159;0.0
org.apache.commons.math.linear$AbstractRealMatrix#power(int):160;0.0
org.apache.commons.math.linear$AbstractRealMatrix#power(int):163;0.0
org.apache.commons.math.linear$AbstractRealMatrix#power(int):164;0.0
org.apache.commons.math.linear$AbstractRealMatrix#power(int):167;0.0
org.apache.commons.math.linear$AbstractRealMatrix#power(int):168;0.0
org.apache.commons.math.linear$AbstractRealMatrix#power(int):171;0.0
org.apache.commons.math.linear$AbstractRealMatrix#power(int):172;0.0
org.apache.commons.math.linear$AbstractRealMatrix#power(int):175;0.0
org.apache.commons.math.linear$AbstractRealMatrix#power(int):184;0.0
org.apache.commons.math.linear$AbstractRealMatrix#power(int):185;0.0
org.apache.commons.math.linear$AbstractRealMatrix#power(int):186;0.0
org.apache.commons.math.linear$AbstractRealMatrix#power(int):188;0.0
org.apache.commons.math.linear$AbstractRealMatrix#power(int):189;0.0
org.apache.commons.math.linear$AbstractRealMatrix#power(int):190;0.0
org.apache.commons.math.linear$AbstractRealMatrix#power(int):191;0.0
org.apache.commons.math.linear$AbstractRealMatrix#power(int):194;0.0
org.apache.commons.math.linear$AbstractRealMatrix#power(int):195;0.0
org.apache.commons.math.linear$AbstractRealMatrix#power(int):200;0.0
org.apache.commons.math.linear$AbstractRealMatrix#power(int):201;0.0
org.apache.commons.math.linear$AbstractRealMatrix#power(int):203;0.0
org.apache.commons.math.linear$AbstractRealMatrix#power(int):204;0.0
org.apache.commons.math.linear$AbstractRealMatrix#power(int):207;0.0
org.apache.commons.math.linear$AbstractRealMatrix#power(int):209;0.0
org.apache.commons.math.linear$AbstractRealMatrix#power(int):210;0.0
org.apache.commons.math.linear$AbstractRealMatrix#power(int):211;0.0
org.apache.commons.math.linear$AbstractRealMatrix#power(int):213;0.0
org.apache.commons.math.linear$AbstractRealMatrix#getData():218;0.0
org.apache.commons.math.linear$AbstractRealMatrix#getData():220;0.0
org.apache.commons.math.linear$AbstractRealMatrix#getData():221;0.0
org.apache.commons.math.linear$AbstractRealMatrix#getData():222;0.0
org.apache.commons.math.linear$AbstractRealMatrix#getData():223;0.0
org.apache.commons.math.linear$AbstractRealMatrix#getData():227;0.0
org.apache.commons.math.linear$AbstractRealMatrix#getNorm():232;0.0
org.apache.commons.math.linear$AbstractRealMatrix#getFrobeniusNorm():270;0.0
org.apache.commons.math.linear$AbstractRealMatrix#getSubMatrix(int,int,int,int):297;0.0
org.apache.commons.math.linear$AbstractRealMatrix#getSubMatrix(int,int,int,int):299;0.0
org.apache.commons.math.linear$AbstractRealMatrix#getSubMatrix(int,int,int,int):301;0.0
org.apache.commons.math.linear$AbstractRealMatrix#getSubMatrix(int,int,int,int):302;0.0
org.apache.commons.math.linear$AbstractRealMatrix#getSubMatrix(int,int,int,int):303;0.0
org.apache.commons.math.linear$AbstractRealMatrix#getSubMatrix(int,int,int,int):307;0.0
org.apache.commons.math.linear$AbstractRealMatrix#getSubMatrix(int[],int[]):313;0.0
org.apache.commons.math.linear$AbstractRealMatrix#getSubMatrix(int[],int[]):316;0.0
org.apache.commons.math.linear$AbstractRealMatrix#getSubMatrix(int[],int[]):318;0.0
org.apache.commons.math.linear$AbstractRealMatrix#getSubMatrix(int[],int[]):328;0.0
org.apache.commons.math.linear$AbstractRealMatrix#copySubMatrix(int,int,int,int,double[][]):336;0.0
org.apache.commons.math.linear$AbstractRealMatrix#copySubMatrix(int,int,int,int,double[][]):337;0.0
org.apache.commons.math.linear$AbstractRealMatrix#copySubMatrix(int,int,int,int,double[][]):338;0.0
org.apache.commons.math.linear$AbstractRealMatrix#copySubMatrix(int,int,int,int,double[][]):339;0.0
org.apache.commons.math.linear$AbstractRealMatrix#copySubMatrix(int,int,int,int,double[][]):340;0.0
org.apache.commons.math.linear$AbstractRealMatrix#copySubMatrix(int,int,int,int,double[][]):345;0.0
org.apache.commons.math.linear$AbstractRealMatrix#copySubMatrix(int,int,int,int,double[][]):369;0.0
org.apache.commons.math.linear$AbstractRealMatrix#copySubMatrix(int[],int[],double[][]):374;0.0
org.apache.commons.math.linear$AbstractRealMatrix#copySubMatrix(int[],int[],double[][]):375;0.0
org.apache.commons.math.linear$AbstractRealMatrix#copySubMatrix(int[],int[],double[][]):377;0.0
org.apache.commons.math.linear$AbstractRealMatrix#copySubMatrix(int[],int[],double[][]):382;0.0
org.apache.commons.math.linear$AbstractRealMatrix#copySubMatrix(int[],int[],double[][]):383;0.0
org.apache.commons.math.linear$AbstractRealMatrix#copySubMatrix(int[],int[],double[][]):384;0.0
org.apache.commons.math.linear$AbstractRealMatrix#copySubMatrix(int[],int[],double[][]):385;0.0
org.apache.commons.math.linear$AbstractRealMatrix#copySubMatrix(int[],int[],double[][]):388;0.0
org.apache.commons.math.linear$AbstractRealMatrix#setSubMatrix(double[][],int,int):393;0.0
org.apache.commons.math.linear$AbstractRealMatrix#setSubMatrix(double[][],int,int):394;0.0
org.apache.commons.math.linear$AbstractRealMatrix#setSubMatrix(double[][],int,int):395;0.0
org.apache.commons.math.linear$AbstractRealMatrix#setSubMatrix(double[][],int,int):396;0.0
org.apache.commons.math.linear$AbstractRealMatrix#setSubMatrix(double[][],int,int):399;0.0
org.apache.commons.math.linear$AbstractRealMatrix#setSubMatrix(double[][],int,int):400;0.0
org.apache.commons.math.linear$AbstractRealMatrix#setSubMatrix(double[][],int,int):401;0.0
org.apache.commons.math.linear$AbstractRealMatrix#setSubMatrix(double[][],int,int):404;0.0
org.apache.commons.math.linear$AbstractRealMatrix#setSubMatrix(double[][],int,int):405;0.0
org.apache.commons.math.linear$AbstractRealMatrix#setSubMatrix(double[][],int,int):406;0.0
org.apache.commons.math.linear$AbstractRealMatrix#setSubMatrix(double[][],int,int):410;0.0
org.apache.commons.math.linear$AbstractRealMatrix#setSubMatrix(double[][],int,int):411;0.0
org.apache.commons.math.linear$AbstractRealMatrix#setSubMatrix(double[][],int,int):412;0.0
org.apache.commons.math.linear$AbstractRealMatrix#setSubMatrix(double[][],int,int):413;0.0
org.apache.commons.math.linear$AbstractRealMatrix#setSubMatrix(double[][],int,int):415;0.0
org.apache.commons.math.linear$AbstractRealMatrix#setSubMatrix(double[][],int,int):416;0.0
org.apache.commons.math.linear$AbstractRealMatrix#setSubMatrix(double[][],int,int):417;0.0
org.apache.commons.math.linear$AbstractRealMatrix#setSubMatrix(double[][],int,int):420;0.0
org.apache.commons.math.linear$AbstractRealMatrix#getRowMatrix(int):424;0.0
org.apache.commons.math.linear$AbstractRealMatrix#getRowMatrix(int):425;0.0
org.apache.commons.math.linear$AbstractRealMatrix#getRowMatrix(int):426;0.0
org.apache.commons.math.linear$AbstractRealMatrix#getRowMatrix(int):427;0.0
org.apache.commons.math.linear$AbstractRealMatrix#getRowMatrix(int):428;0.0
org.apache.commons.math.linear$AbstractRealMatrix#getRowMatrix(int):431;0.0
org.apache.commons.math.linear$AbstractRealMatrix#setRowMatrix(int,org.apache.commons.math.linear.RealMatrix):436;0.0
org.apache.commons.math.linear$AbstractRealMatrix#setRowMatrix(int,org.apache.commons.math.linear.RealMatrix):437;0.0
org.apache.commons.math.linear$AbstractRealMatrix#setRowMatrix(int,org.apache.commons.math.linear.RealMatrix):438;0.0
org.apache.commons.math.linear$AbstractRealMatrix#setRowMatrix(int,org.apache.commons.math.linear.RealMatrix):440;0.0
org.apache.commons.math.linear$AbstractRealMatrix#setRowMatrix(int,org.apache.commons.math.linear.RealMatrix):444;0.0
org.apache.commons.math.linear$AbstractRealMatrix#setRowMatrix(int,org.apache.commons.math.linear.RealMatrix):445;0.0
org.apache.commons.math.linear$AbstractRealMatrix#setRowMatrix(int,org.apache.commons.math.linear.RealMatrix):447;0.0
org.apache.commons.math.linear$AbstractRealMatrix#getColumnMatrix(int):451;0.0
org.apache.commons.math.linear$AbstractRealMatrix#getColumnMatrix(int):452;0.0
org.apache.commons.math.linear$AbstractRealMatrix#getColumnMatrix(int):453;0.0
org.apache.commons.math.linear$AbstractRealMatrix#getColumnMatrix(int):454;0.0
org.apache.commons.math.linear$AbstractRealMatrix#getColumnMatrix(int):455;0.0
org.apache.commons.math.linear$AbstractRealMatrix#getColumnMatrix(int):458;0.0
org.apache.commons.math.linear$AbstractRealMatrix#setColumnMatrix(int,org.apache.commons.math.linear.RealMatrix):463;0.0
org.apache.commons.math.linear$AbstractRealMatrix#setColumnMatrix(int,org.apache.commons.math.linear.RealMatrix):464;0.0
org.apache.commons.math.linear$AbstractRealMatrix#setColumnMatrix(int,org.apache.commons.math.linear.RealMatrix):465;0.0
org.apache.commons.math.linear$AbstractRealMatrix#setColumnMatrix(int,org.apache.commons.math.linear.RealMatrix):467;0.0
org.apache.commons.math.linear$AbstractRealMatrix#setColumnMatrix(int,org.apache.commons.math.linear.RealMatrix):471;0.0
org.apache.commons.math.linear$AbstractRealMatrix#setColumnMatrix(int,org.apache.commons.math.linear.RealMatrix):472;0.0
org.apache.commons.math.linear$AbstractRealMatrix#setColumnMatrix(int,org.apache.commons.math.linear.RealMatrix):474;0.0
org.apache.commons.math.linear$AbstractRealMatrix#setRowVector(int,org.apache.commons.math.linear.RealVector):486;0.0
org.apache.commons.math.linear$AbstractRealMatrix#getColumnVector(int):496;0.0
org.apache.commons.math.linear$AbstractRealMatrix#setColumnVector(int,org.apache.commons.math.linear.RealVector):501;0.0
org.apache.commons.math.linear$AbstractRealMatrix#setColumnVector(int,org.apache.commons.math.linear.RealVector):502;0.0
org.apache.commons.math.linear$AbstractRealMatrix#setColumnVector(int,org.apache.commons.math.linear.RealVector):503;0.0
org.apache.commons.math.linear$AbstractRealMatrix#setColumnVector(int,org.apache.commons.math.linear.RealVector):504;0.0
org.apache.commons.math.linear$AbstractRealMatrix#setColumnVector(int,org.apache.commons.math.linear.RealVector):507;0.0
org.apache.commons.math.linear$AbstractRealMatrix#setColumnVector(int,org.apache.commons.math.linear.RealVector):508;0.0
org.apache.commons.math.linear$AbstractRealMatrix#setColumnVector(int,org.apache.commons.math.linear.RealVector):510;0.0
org.apache.commons.math.linear$AbstractRealMatrix#setRow(int,double[]):526;0.0
org.apache.commons.math.linear$AbstractRealMatrix#setRow(int,double[]):527;0.0
org.apache.commons.math.linear$AbstractRealMatrix#setRow(int,double[]):528;0.0
org.apache.commons.math.linear$AbstractRealMatrix#setRow(int,double[]):529;0.0
org.apache.commons.math.linear$AbstractRealMatrix#setRow(int,double[]):531;0.0
org.apache.commons.math.linear$AbstractRealMatrix#setRow(int,double[]):532;0.0
org.apache.commons.math.linear$AbstractRealMatrix#setRow(int,double[]):534;0.0
org.apache.commons.math.linear$AbstractRealMatrix#getColumn(int):538;0.0
org.apache.commons.math.linear$AbstractRealMatrix#getColumn(int):539;0.0
org.apache.commons.math.linear$AbstractRealMatrix#getColumn(int):540;0.0
org.apache.commons.math.linear$AbstractRealMatrix#getColumn(int):541;0.0
org.apache.commons.math.linear$AbstractRealMatrix#getColumn(int):542;0.0
org.apache.commons.math.linear$AbstractRealMatrix#getColumn(int):545;0.0
org.apache.commons.math.linear$AbstractRealMatrix#setColumn(int,double[]):550;0.0
org.apache.commons.math.linear$AbstractRealMatrix#setColumn(int,double[]):551;0.0
org.apache.commons.math.linear$AbstractRealMatrix#setColumn(int,double[]):552;0.0
org.apache.commons.math.linear$AbstractRealMatrix#setColumn(int,double[]):553;0.0
org.apache.commons.math.linear$AbstractRealMatrix#setColumn(int,double[]):555;0.0
org.apache.commons.math.linear$AbstractRealMatrix#setColumn(int,double[]):556;0.0
org.apache.commons.math.linear$AbstractRealMatrix#setColumn(int,double[]):558;0.0
org.apache.commons.math.linear$AbstractRealMatrix#addToEntry(int,int,double):568;0.0
org.apache.commons.math.linear$AbstractRealMatrix#addToEntry(int,int,double):569;0.0
org.apache.commons.math.linear$AbstractRealMatrix#addToEntry(int,int,double):570;0.0
org.apache.commons.math.linear$AbstractRealMatrix#multiplyEntry(int,int,double):574;0.0
org.apache.commons.math.linear$AbstractRealMatrix#multiplyEntry(int,int,double):575;0.0
org.apache.commons.math.linear$AbstractRealMatrix#multiplyEntry(int,int,double):576;0.0
org.apache.commons.math.linear$AbstractRealMatrix#transpose():580;0.0
org.apache.commons.math.linear$AbstractRealMatrix#transpose():581;0.0
org.apache.commons.math.linear$AbstractRealMatrix#transpose():582;0.0
org.apache.commons.math.linear$AbstractRealMatrix#transpose():583;0.0
org.apache.commons.math.linear$AbstractRealMatrix#transpose():593;0.0
org.apache.commons.math.linear$AbstractRealMatrix#isSquare():598;0.0
org.apache.commons.math.linear$AbstractRealMatrix#getTrace():621;0.0
org.apache.commons.math.linear$AbstractRealMatrix#getTrace():622;0.0
org.apache.commons.math.linear$AbstractRealMatrix#getTrace():623;0.0
org.apache.commons.math.linear$AbstractRealMatrix#getTrace():624;0.0
org.apache.commons.math.linear$AbstractRealMatrix#getTrace():626;0.0
org.apache.commons.math.linear$AbstractRealMatrix#getTrace():627;0.0
org.apache.commons.math.linear$AbstractRealMatrix#getTrace():628;0.0
org.apache.commons.math.linear$AbstractRealMatrix#getTrace():630;0.0
org.apache.commons.math.linear$AbstractRealMatrix#operate(double[]):635;0.0
org.apache.commons.math.linear$AbstractRealMatrix#operate(double[]):636;0.0
org.apache.commons.math.linear$AbstractRealMatrix#operate(double[]):637;0.0
org.apache.commons.math.linear$AbstractRealMatrix#operate(double[]):638;0.0
org.apache.commons.math.linear$AbstractRealMatrix#operate(double[]):641;0.0
org.apache.commons.math.linear$AbstractRealMatrix#operate(double[]):642;0.0
org.apache.commons.math.linear$AbstractRealMatrix#operate(double[]):643;0.0
org.apache.commons.math.linear$AbstractRealMatrix#operate(double[]):644;0.0
org.apache.commons.math.linear$AbstractRealMatrix#operate(double[]):645;0.0
org.apache.commons.math.linear$AbstractRealMatrix#operate(double[]):647;0.0
org.apache.commons.math.linear$AbstractRealMatrix#operate(double[]):650;0.0
org.apache.commons.math.linear$AbstractRealMatrix#operate(org.apache.commons.math.linear.RealVector):657;0.0
org.apache.commons.math.linear$AbstractRealMatrix#operate(org.apache.commons.math.linear.RealVector):658;0.0
org.apache.commons.math.linear$AbstractRealMatrix#operate(org.apache.commons.math.linear.RealVector):659;0.0
org.apache.commons.math.linear$AbstractRealMatrix#operate(org.apache.commons.math.linear.RealVector):660;0.0
org.apache.commons.math.linear$AbstractRealMatrix#operate(org.apache.commons.math.linear.RealVector):661;0.0
org.apache.commons.math.linear$AbstractRealMatrix#operate(org.apache.commons.math.linear.RealVector):662;0.0
org.apache.commons.math.linear$AbstractRealMatrix#operate(org.apache.commons.math.linear.RealVector):665;0.0
org.apache.commons.math.linear$AbstractRealMatrix#operate(org.apache.commons.math.linear.RealVector):666;0.0
org.apache.commons.math.linear$AbstractRealMatrix#operate(org.apache.commons.math.linear.RealVector):667;0.0
org.apache.commons.math.linear$AbstractRealMatrix#operate(org.apache.commons.math.linear.RealVector):668;0.0
org.apache.commons.math.linear$AbstractRealMatrix#operate(org.apache.commons.math.linear.RealVector):669;0.0
org.apache.commons.math.linear$AbstractRealMatrix#operate(org.apache.commons.math.linear.RealVector):671;0.0
org.apache.commons.math.linear$AbstractRealMatrix#operate(org.apache.commons.math.linear.RealVector):674;0.0
org.apache.commons.math.linear$AbstractRealMatrix#preMultiply(double[]):681;0.0
org.apache.commons.math.linear$AbstractRealMatrix#preMultiply(double[]):682;0.0
org.apache.commons.math.linear$AbstractRealMatrix#preMultiply(double[]):683;0.0
org.apache.commons.math.linear$AbstractRealMatrix#preMultiply(double[]):684;0.0
org.apache.commons.math.linear$AbstractRealMatrix#preMultiply(double[]):687;0.0
org.apache.commons.math.linear$AbstractRealMatrix#preMultiply(double[]):688;0.0
org.apache.commons.math.linear$AbstractRealMatrix#preMultiply(double[]):689;0.0
org.apache.commons.math.linear$AbstractRealMatrix#preMultiply(double[]):690;0.0
org.apache.commons.math.linear$AbstractRealMatrix#preMultiply(double[]):691;0.0
org.apache.commons.math.linear$AbstractRealMatrix#preMultiply(double[]):693;0.0
org.apache.commons.math.linear$AbstractRealMatrix#preMultiply(double[]):696;0.0
org.apache.commons.math.linear$AbstractRealMatrix#preMultiply(org.apache.commons.math.linear.RealVector):702;0.0
org.apache.commons.math.linear$AbstractRealMatrix#preMultiply(org.apache.commons.math.linear.RealVector):703;0.0
org.apache.commons.math.linear$AbstractRealMatrix#preMultiply(org.apache.commons.math.linear.RealVector):705;0.0
org.apache.commons.math.linear$AbstractRealMatrix#preMultiply(org.apache.commons.math.linear.RealVector):706;0.0
org.apache.commons.math.linear$AbstractRealMatrix#preMultiply(org.apache.commons.math.linear.RealVector):707;0.0
org.apache.commons.math.linear$AbstractRealMatrix#preMultiply(org.apache.commons.math.linear.RealVector):708;0.0
org.apache.commons.math.linear$AbstractRealMatrix#preMultiply(org.apache.commons.math.linear.RealVector):711;0.0
org.apache.commons.math.linear$AbstractRealMatrix#preMultiply(org.apache.commons.math.linear.RealVector):712;0.0
org.apache.commons.math.linear$AbstractRealMatrix#preMultiply(org.apache.commons.math.linear.RealVector):713;0.0
org.apache.commons.math.linear$AbstractRealMatrix#preMultiply(org.apache.commons.math.linear.RealVector):714;0.0
org.apache.commons.math.linear$AbstractRealMatrix#preMultiply(org.apache.commons.math.linear.RealVector):715;0.0
org.apache.commons.math.linear$AbstractRealMatrix#preMultiply(org.apache.commons.math.linear.RealVector):717;0.0
org.apache.commons.math.linear$AbstractRealMatrix#preMultiply(org.apache.commons.math.linear.RealVector):720;0.0
org.apache.commons.math.linear$AbstractRealMatrix#walkInRowOrder(org.apache.commons.math.linear.RealMatrixChangingVisitor):726;0.0
org.apache.commons.math.linear$AbstractRealMatrix#walkInRowOrder(org.apache.commons.math.linear.RealMatrixChangingVisitor):727;0.0
org.apache.commons.math.linear$AbstractRealMatrix#walkInRowOrder(org.apache.commons.math.linear.RealMatrixChangingVisitor):728;0.0
org.apache.commons.math.linear$AbstractRealMatrix#walkInRowOrder(org.apache.commons.math.linear.RealMatrixChangingVisitor):729;0.0
org.apache.commons.math.linear$AbstractRealMatrix#walkInRowOrder(org.apache.commons.math.linear.RealMatrixChangingVisitor):730;0.0
org.apache.commons.math.linear$AbstractRealMatrix#walkInRowOrder(org.apache.commons.math.linear.RealMatrixChangingVisitor):731;0.0
org.apache.commons.math.linear$AbstractRealMatrix#walkInRowOrder(org.apache.commons.math.linear.RealMatrixChangingVisitor):732;0.0
org.apache.commons.math.linear$AbstractRealMatrix#walkInRowOrder(org.apache.commons.math.linear.RealMatrixChangingVisitor):733;0.0
org.apache.commons.math.linear$AbstractRealMatrix#walkInRowOrder(org.apache.commons.math.linear.RealMatrixChangingVisitor):736;0.0
org.apache.commons.math.linear$AbstractRealMatrix#walkInRowOrder(org.apache.commons.math.linear.RealMatrixPreservingVisitor):741;0.0
org.apache.commons.math.linear$AbstractRealMatrix#walkInRowOrder(org.apache.commons.math.linear.RealMatrixPreservingVisitor):742;0.0
org.apache.commons.math.linear$AbstractRealMatrix#walkInRowOrder(org.apache.commons.math.linear.RealMatrixPreservingVisitor):743;0.0
org.apache.commons.math.linear$AbstractRealMatrix#walkInRowOrder(org.apache.commons.math.linear.RealMatrixPreservingVisitor):744;0.0
org.apache.commons.math.linear$AbstractRealMatrix#walkInRowOrder(org.apache.commons.math.linear.RealMatrixPreservingVisitor):745;0.0
org.apache.commons.math.linear$AbstractRealMatrix#walkInRowOrder(org.apache.commons.math.linear.RealMatrixPreservingVisitor):746;0.0
org.apache.commons.math.linear$AbstractRealMatrix#walkInRowOrder(org.apache.commons.math.linear.RealMatrixPreservingVisitor):749;0.0
org.apache.commons.math.linear$AbstractRealMatrix#walkInRowOrder(org.apache.commons.math.linear.RealMatrixChangingVisitor,int,int,int,int):756;0.0
org.apache.commons.math.linear$AbstractRealMatrix#walkInRowOrder(org.apache.commons.math.linear.RealMatrixChangingVisitor,int,int,int,int):757;0.0
org.apache.commons.math.linear$AbstractRealMatrix#walkInRowOrder(org.apache.commons.math.linear.RealMatrixChangingVisitor,int,int,int,int):759;0.0
org.apache.commons.math.linear$AbstractRealMatrix#walkInRowOrder(org.apache.commons.math.linear.RealMatrixChangingVisitor,int,int,int,int):760;0.0
org.apache.commons.math.linear$AbstractRealMatrix#walkInRowOrder(org.apache.commons.math.linear.RealMatrixChangingVisitor,int,int,int,int):761;0.0
org.apache.commons.math.linear$AbstractRealMatrix#walkInRowOrder(org.apache.commons.math.linear.RealMatrixChangingVisitor,int,int,int,int):762;0.0
org.apache.commons.math.linear$AbstractRealMatrix#walkInRowOrder(org.apache.commons.math.linear.RealMatrixChangingVisitor,int,int,int,int):763;0.0
org.apache.commons.math.linear$AbstractRealMatrix#walkInRowOrder(org.apache.commons.math.linear.RealMatrixChangingVisitor,int,int,int,int):766;0.0
org.apache.commons.math.linear$AbstractRealMatrix#walkInRowOrder(org.apache.commons.math.linear.RealMatrixPreservingVisitor,int,int,int,int):773;0.0
org.apache.commons.math.linear$AbstractRealMatrix#walkInRowOrder(org.apache.commons.math.linear.RealMatrixPreservingVisitor,int,int,int,int):774;0.0
org.apache.commons.math.linear$AbstractRealMatrix#walkInRowOrder(org.apache.commons.math.linear.RealMatrixPreservingVisitor,int,int,int,int):776;0.0
org.apache.commons.math.linear$AbstractRealMatrix#walkInRowOrder(org.apache.commons.math.linear.RealMatrixPreservingVisitor,int,int,int,int):777;0.0
org.apache.commons.math.linear$AbstractRealMatrix#walkInRowOrder(org.apache.commons.math.linear.RealMatrixPreservingVisitor,int,int,int,int):778;0.0
org.apache.commons.math.linear$AbstractRealMatrix#walkInRowOrder(org.apache.commons.math.linear.RealMatrixPreservingVisitor,int,int,int,int):781;0.0
org.apache.commons.math.linear$AbstractRealMatrix#walkInColumnOrder(org.apache.commons.math.linear.RealMatrixChangingVisitor):786;0.0
org.apache.commons.math.linear$AbstractRealMatrix#walkInColumnOrder(org.apache.commons.math.linear.RealMatrixChangingVisitor):787;0.0
org.apache.commons.math.linear$AbstractRealMatrix#walkInColumnOrder(org.apache.commons.math.linear.RealMatrixChangingVisitor):788;0.0
org.apache.commons.math.linear$AbstractRealMatrix#walkInColumnOrder(org.apache.commons.math.linear.RealMatrixChangingVisitor):789;0.0
org.apache.commons.math.linear$AbstractRealMatrix#walkInColumnOrder(org.apache.commons.math.linear.RealMatrixChangingVisitor):790;0.0
org.apache.commons.math.linear$AbstractRealMatrix#walkInColumnOrder(org.apache.commons.math.linear.RealMatrixChangingVisitor):791;0.0
org.apache.commons.math.linear$AbstractRealMatrix#walkInColumnOrder(org.apache.commons.math.linear.RealMatrixChangingVisitor):792;0.0
org.apache.commons.math.linear$AbstractRealMatrix#walkInColumnOrder(org.apache.commons.math.linear.RealMatrixChangingVisitor):793;0.0
org.apache.commons.math.linear$AbstractRealMatrix#walkInColumnOrder(org.apache.commons.math.linear.RealMatrixChangingVisitor):796;0.0
org.apache.commons.math.linear$AbstractRealMatrix#walkInColumnOrder(org.apache.commons.math.linear.RealMatrixPreservingVisitor):801;0.0
org.apache.commons.math.linear$AbstractRealMatrix#walkInColumnOrder(org.apache.commons.math.linear.RealMatrixPreservingVisitor):802;0.0
org.apache.commons.math.linear$AbstractRealMatrix#walkInColumnOrder(org.apache.commons.math.linear.RealMatrixPreservingVisitor):803;0.0
org.apache.commons.math.linear$AbstractRealMatrix#walkInColumnOrder(org.apache.commons.math.linear.RealMatrixPreservingVisitor):804;0.0
org.apache.commons.math.linear$AbstractRealMatrix#walkInColumnOrder(org.apache.commons.math.linear.RealMatrixPreservingVisitor):805;0.0
org.apache.commons.math.linear$AbstractRealMatrix#walkInColumnOrder(org.apache.commons.math.linear.RealMatrixPreservingVisitor):806;0.0
org.apache.commons.math.linear$AbstractRealMatrix#walkInColumnOrder(org.apache.commons.math.linear.RealMatrixPreservingVisitor):809;0.0
org.apache.commons.math.linear$AbstractRealMatrix#walkInColumnOrder(org.apache.commons.math.linear.RealMatrixChangingVisitor,int,int,int,int):816;0.0
org.apache.commons.math.linear$AbstractRealMatrix#walkInColumnOrder(org.apache.commons.math.linear.RealMatrixChangingVisitor,int,int,int,int):817;0.0
org.apache.commons.math.linear$AbstractRealMatrix#walkInColumnOrder(org.apache.commons.math.linear.RealMatrixChangingVisitor,int,int,int,int):819;0.0
org.apache.commons.math.linear$AbstractRealMatrix#walkInColumnOrder(org.apache.commons.math.linear.RealMatrixChangingVisitor,int,int,int,int):820;0.0
org.apache.commons.math.linear$AbstractRealMatrix#walkInColumnOrder(org.apache.commons.math.linear.RealMatrixChangingVisitor,int,int,int,int):821;0.0
org.apache.commons.math.linear$AbstractRealMatrix#walkInColumnOrder(org.apache.commons.math.linear.RealMatrixChangingVisitor,int,int,int,int):822;0.0
org.apache.commons.math.linear$AbstractRealMatrix#walkInColumnOrder(org.apache.commons.math.linear.RealMatrixChangingVisitor,int,int,int,int):823;0.0
org.apache.commons.math.linear$AbstractRealMatrix#walkInColumnOrder(org.apache.commons.math.linear.RealMatrixChangingVisitor,int,int,int,int):826;0.0
org.apache.commons.math.linear$AbstractRealMatrix#walkInColumnOrder(org.apache.commons.math.linear.RealMatrixPreservingVisitor,int,int,int,int):833;0.0
org.apache.commons.math.linear$AbstractRealMatrix#walkInColumnOrder(org.apache.commons.math.linear.RealMatrixPreservingVisitor,int,int,int,int):834;0.0
org.apache.commons.math.linear$AbstractRealMatrix#walkInColumnOrder(org.apache.commons.math.linear.RealMatrixPreservingVisitor,int,int,int,int):836;0.0
org.apache.commons.math.linear$AbstractRealMatrix#walkInColumnOrder(org.apache.commons.math.linear.RealMatrixPreservingVisitor,int,int,int,int):837;0.0
org.apache.commons.math.linear$AbstractRealMatrix#walkInColumnOrder(org.apache.commons.math.linear.RealMatrixPreservingVisitor,int,int,int,int):838;0.0
org.apache.commons.math.linear$AbstractRealMatrix#walkInColumnOrder(org.apache.commons.math.linear.RealMatrixPreservingVisitor,int,int,int,int):841;0.0
org.apache.commons.math.linear$AbstractRealMatrix#walkInOptimizedOrder(org.apache.commons.math.linear.RealMatrixChangingVisitor):846;0.0
org.apache.commons.math.linear$AbstractRealMatrix#walkInOptimizedOrder(org.apache.commons.math.linear.RealMatrixPreservingVisitor):851;0.0
org.apache.commons.math.linear$AbstractRealMatrix#walkInOptimizedOrder(org.apache.commons.math.linear.RealMatrixChangingVisitor,int,int,int,int):858;0.0
org.apache.commons.math.linear$AbstractRealMatrix#walkInOptimizedOrder(org.apache.commons.math.linear.RealMatrixPreservingVisitor,int,int,int,int):865;0.0
org.apache.commons.math.linear$AbstractRealMatrix#toString():874;0.0
org.apache.commons.math.linear$AbstractRealMatrix#toString():875;0.0
org.apache.commons.math.linear$AbstractRealMatrix#toString():876;0.0
org.apache.commons.math.linear$AbstractRealMatrix#toString():877;0.0
org.apache.commons.math.linear$AbstractRealMatrix#toString():878;0.0
org.apache.commons.math.linear$AbstractRealMatrix#toString():879;0.0
org.apache.commons.math.linear$AbstractRealMatrix#toString():881;0.0
org.apache.commons.math.linear$AbstractRealMatrix#toString():882;0.0
org.apache.commons.math.linear$AbstractRealMatrix#toString():883;0.0
org.apache.commons.math.linear$AbstractRealMatrix#toString():885;0.0
org.apache.commons.math.linear$AbstractRealMatrix#toString():886;0.0
org.apache.commons.math.linear$AbstractRealMatrix#toString():887;0.0
org.apache.commons.math.linear$AbstractRealMatrix#toString():888;0.0
org.apache.commons.math.linear$AbstractRealMatrix#toString():890;0.0
org.apache.commons.math.linear$AbstractRealMatrix#toString():892;0.0
org.apache.commons.math.linear$AbstractRealMatrix#toString():895;0.0
org.apache.commons.math.linear$AbstractRealMatrix#toString():896;0.0
org.apache.commons.math.linear$AbstractRealMatrix#equals(java.lang.Object):909;0.0
org.apache.commons.math.linear$AbstractRealMatrix#equals(java.lang.Object):910;0.0
org.apache.commons.math.linear$AbstractRealMatrix#equals(java.lang.Object):912;0.0
org.apache.commons.math.linear$AbstractRealMatrix#equals(java.lang.Object):913;0.0
org.apache.commons.math.linear$AbstractRealMatrix#equals(java.lang.Object):915;0.0
org.apache.commons.math.linear$AbstractRealMatrix#equals(java.lang.Object):916;0.0
org.apache.commons.math.linear$AbstractRealMatrix#equals(java.lang.Object):917;0.0
org.apache.commons.math.linear$AbstractRealMatrix#equals(java.lang.Object):918;0.0
org.apache.commons.math.linear$AbstractRealMatrix#equals(java.lang.Object):919;0.0
org.apache.commons.math.linear$AbstractRealMatrix#equals(java.lang.Object):921;0.0
org.apache.commons.math.linear$AbstractRealMatrix#equals(java.lang.Object):922;0.0
org.apache.commons.math.linear$AbstractRealMatrix#equals(java.lang.Object):923;0.0
org.apache.commons.math.linear$AbstractRealMatrix#equals(java.lang.Object):924;0.0
org.apache.commons.math.linear$AbstractRealMatrix#equals(java.lang.Object):928;0.0
org.apache.commons.math.linear$AbstractRealMatrix#hashCode():938;0.0
org.apache.commons.math.linear$AbstractRealMatrix#hashCode():939;0.0
org.apache.commons.math.linear$AbstractRealMatrix#hashCode():940;0.0
org.apache.commons.math.linear$AbstractRealMatrix#hashCode():941;0.0
org.apache.commons.math.linear$AbstractRealMatrix#hashCode():942;0.0
org.apache.commons.math.linear$AbstractRealMatrix#hashCode():943;0.0
org.apache.commons.math.linear$AbstractRealMatrix#hashCode():944;0.0
org.apache.commons.math.linear$AbstractRealMatrix#hashCode():945;0.0
org.apache.commons.math.linear$AbstractRealMatrix#hashCode():949;0.0
org.apache.commons.math.linear$Array2DRowRealMatrix#Array2DRowRealMatrix():44;0.0
org.apache.commons.math.linear$Array2DRowRealMatrix#Array2DRowRealMatrix(double[][],boolean):94;0.0
org.apache.commons.math.linear$Array2DRowRealMatrix#Array2DRowRealMatrix(double[][],boolean):95;0.0
org.apache.commons.math.linear$Array2DRowRealMatrix#Array2DRowRealMatrix(double[][],boolean):96;0.0
org.apache.commons.math.linear$Array2DRowRealMatrix#Array2DRowRealMatrix(double[][],boolean):98;0.0
org.apache.commons.math.linear$Array2DRowRealMatrix#Array2DRowRealMatrix(double[][],boolean):99;0.0
org.apache.commons.math.linear$Array2DRowRealMatrix#Array2DRowRealMatrix(double[][],boolean):101;0.0
org.apache.commons.math.linear$Array2DRowRealMatrix#Array2DRowRealMatrix(double[][],boolean):102;0.0
org.apache.commons.math.linear$Array2DRowRealMatrix#Array2DRowRealMatrix(double[][],boolean):103;0.0
org.apache.commons.math.linear$Array2DRowRealMatrix#Array2DRowRealMatrix(double[][],boolean):105;0.0
org.apache.commons.math.linear$Array2DRowRealMatrix#Array2DRowRealMatrix(double[][],boolean):106;0.0
org.apache.commons.math.linear$Array2DRowRealMatrix#Array2DRowRealMatrix(double[][],boolean):107;0.0
org.apache.commons.math.linear$Array2DRowRealMatrix#Array2DRowRealMatrix(double[][],boolean):109;0.0
org.apache.commons.math.linear$Array2DRowRealMatrix#Array2DRowRealMatrix(double[][],boolean):110;0.0
org.apache.commons.math.linear$Array2DRowRealMatrix#Array2DRowRealMatrix(double[][],boolean):111;0.0
org.apache.commons.math.linear$Array2DRowRealMatrix#Array2DRowRealMatrix(double[][],boolean):114;0.0
org.apache.commons.math.linear$Array2DRowRealMatrix#Array2DRowRealMatrix(double[][],boolean):116;0.0
org.apache.commons.math.linear$Array2DRowRealMatrix#Array2DRowRealMatrix(double[]):125;0.0
org.apache.commons.math.linear$Array2DRowRealMatrix#Array2DRowRealMatrix(double[]):126;0.0
org.apache.commons.math.linear$Array2DRowRealMatrix#Array2DRowRealMatrix(double[]):127;0.0
org.apache.commons.math.linear$Array2DRowRealMatrix#Array2DRowRealMatrix(double[]):128;0.0
org.apache.commons.math.linear$Array2DRowRealMatrix#Array2DRowRealMatrix(double[]):129;0.0
org.apache.commons.math.linear$Array2DRowRealMatrix#Array2DRowRealMatrix(double[]):131;0.0
org.apache.commons.math.linear$Array2DRowRealMatrix#createMatrix(int,int):137;0.0
org.apache.commons.math.linear$Array2DRowRealMatrix#copy():143;0.0
org.apache.commons.math.linear$Array2DRowRealMatrix#add(org.apache.commons.math.linear.Array2DRowRealMatrix):156;0.0
org.apache.commons.math.linear$Array2DRowRealMatrix#add(org.apache.commons.math.linear.Array2DRowRealMatrix):158;0.0
org.apache.commons.math.linear$Array2DRowRealMatrix#add(org.apache.commons.math.linear.Array2DRowRealMatrix):159;0.0
org.apache.commons.math.linear$Array2DRowRealMatrix#add(org.apache.commons.math.linear.Array2DRowRealMatrix):160;0.0
org.apache.commons.math.linear$Array2DRowRealMatrix#add(org.apache.commons.math.linear.Array2DRowRealMatrix):161;0.0
org.apache.commons.math.linear$Array2DRowRealMatrix#add(org.apache.commons.math.linear.Array2DRowRealMatrix):162;0.0
org.apache.commons.math.linear$Array2DRowRealMatrix#add(org.apache.commons.math.linear.Array2DRowRealMatrix):163;0.0
org.apache.commons.math.linear$Array2DRowRealMatrix#add(org.apache.commons.math.linear.Array2DRowRealMatrix):164;0.0
org.apache.commons.math.linear$Array2DRowRealMatrix#add(org.apache.commons.math.linear.Array2DRowRealMatrix):165;0.0
org.apache.commons.math.linear$Array2DRowRealMatrix#add(org.apache.commons.math.linear.Array2DRowRealMatrix):166;0.0
org.apache.commons.math.linear$Array2DRowRealMatrix#add(org.apache.commons.math.linear.Array2DRowRealMatrix):170;0.0
org.apache.commons.math.linear$Array2DRowRealMatrix#subtract(org.apache.commons.math.linear.Array2DRowRealMatrix):183;0.0
org.apache.commons.math.linear$Array2DRowRealMatrix#subtract(org.apache.commons.math.linear.Array2DRowRealMatrix):185;0.0
org.apache.commons.math.linear$Array2DRowRealMatrix#subtract(org.apache.commons.math.linear.Array2DRowRealMatrix):186;0.0
org.apache.commons.math.linear$Array2DRowRealMatrix#subtract(org.apache.commons.math.linear.Array2DRowRealMatrix):187;0.0
org.apache.commons.math.linear$Array2DRowRealMatrix#subtract(org.apache.commons.math.linear.Array2DRowRealMatrix):188;0.0
org.apache.commons.math.linear$Array2DRowRealMatrix#subtract(org.apache.commons.math.linear.Array2DRowRealMatrix):189;0.0
org.apache.commons.math.linear$Array2DRowRealMatrix#subtract(org.apache.commons.math.linear.Array2DRowRealMatrix):190;0.0
org.apache.commons.math.linear$Array2DRowRealMatrix#subtract(org.apache.commons.math.linear.Array2DRowRealMatrix):191;0.0
org.apache.commons.math.linear$Array2DRowRealMatrix#subtract(org.apache.commons.math.linear.Array2DRowRealMatrix):192;0.0
org.apache.commons.math.linear$Array2DRowRealMatrix#subtract(org.apache.commons.math.linear.Array2DRowRealMatrix):193;0.0
org.apache.commons.math.linear$Array2DRowRealMatrix#subtract(org.apache.commons.math.linear.Array2DRowRealMatrix):197;0.0
org.apache.commons.math.linear$Array2DRowRealMatrix#multiply(org.apache.commons.math.linear.Array2DRowRealMatrix):210;0.0
org.apache.commons.math.linear$Array2DRowRealMatrix#multiply(org.apache.commons.math.linear.Array2DRowRealMatrix):212;0.0
org.apache.commons.math.linear$Array2DRowRealMatrix#multiply(org.apache.commons.math.linear.Array2DRowRealMatrix):213;0.0
org.apache.commons.math.linear$Array2DRowRealMatrix#multiply(org.apache.commons.math.linear.Array2DRowRealMatrix):214;0.0
org.apache.commons.math.linear$Array2DRowRealMatrix#multiply(org.apache.commons.math.linear.Array2DRowRealMatrix):216;0.0
org.apache.commons.math.linear$Array2DRowRealMatrix#multiply(org.apache.commons.math.linear.Array2DRowRealMatrix):218;0.0
org.apache.commons.math.linear$Array2DRowRealMatrix#multiply(org.apache.commons.math.linear.Array2DRowRealMatrix):219;0.0
org.apache.commons.math.linear$Array2DRowRealMatrix#multiply(org.apache.commons.math.linear.Array2DRowRealMatrix):222;0.0
org.apache.commons.math.linear$Array2DRowRealMatrix#multiply(org.apache.commons.math.linear.Array2DRowRealMatrix):225;0.0
org.apache.commons.math.linear$Array2DRowRealMatrix#multiply(org.apache.commons.math.linear.Array2DRowRealMatrix):226;0.0
org.apache.commons.math.linear$Array2DRowRealMatrix#multiply(org.apache.commons.math.linear.Array2DRowRealMatrix):229;0.0
org.apache.commons.math.linear$Array2DRowRealMatrix#multiply(org.apache.commons.math.linear.Array2DRowRealMatrix):230;0.0
org.apache.commons.math.linear$Array2DRowRealMatrix#multiply(org.apache.commons.math.linear.Array2DRowRealMatrix):231;0.0
org.apache.commons.math.linear$Array2DRowRealMatrix#multiply(org.apache.commons.math.linear.Array2DRowRealMatrix):232;0.0
org.apache.commons.math.linear$Array2DRowRealMatrix#multiply(org.apache.commons.math.linear.Array2DRowRealMatrix):233;0.0
org.apache.commons.math.linear$Array2DRowRealMatrix#multiply(org.apache.commons.math.linear.Array2DRowRealMatrix):235;0.0
org.apache.commons.math.linear$Array2DRowRealMatrix#multiply(org.apache.commons.math.linear.Array2DRowRealMatrix):239;0.0
org.apache.commons.math.linear$Array2DRowRealMatrix#getData():245;0.0
org.apache.commons.math.linear$Array2DRowRealMatrix#setSubMatrix(double[][],int,int):263;0.0
org.apache.commons.math.linear$Array2DRowRealMatrix#setSubMatrix(double[][],int,int):266;0.0
org.apache.commons.math.linear$Array2DRowRealMatrix#setSubMatrix(double[][],int,int):271;0.0
org.apache.commons.math.linear$Array2DRowRealMatrix#setSubMatrix(double[][],int,int):276;0.0
org.apache.commons.math.linear$Array2DRowRealMatrix#setSubMatrix(double[][],int,int):281;0.0
org.apache.commons.math.linear$Array2DRowRealMatrix#setSubMatrix(double[][],int,int):286;0.0
org.apache.commons.math.linear$Array2DRowRealMatrix#addToEntry(int,int,double):308;0.0
org.apache.commons.math.linear$Array2DRowRealMatrix#addToEntry(int,int,double):309;0.0
org.apache.commons.math.linear$Array2DRowRealMatrix#addToEntry(int,int,double):310;0.0
org.apache.commons.math.linear$Array2DRowRealMatrix#multiplyEntry(int,int,double):315;0.0
org.apache.commons.math.linear$Array2DRowRealMatrix#multiplyEntry(int,int,double):316;0.0
org.apache.commons.math.linear$Array2DRowRealMatrix#multiplyEntry(int,int,double):317;0.0
org.apache.commons.math.linear$Array2DRowRealMatrix#operate(double[]):334;0.0
org.apache.commons.math.linear$Array2DRowRealMatrix#operate(double[]):335;0.0
org.apache.commons.math.linear$Array2DRowRealMatrix#operate(double[]):336;0.0
org.apache.commons.math.linear$Array2DRowRealMatrix#operate(double[]):337;0.0
org.apache.commons.math.linear$Array2DRowRealMatrix#operate(double[]):339;0.0
org.apache.commons.math.linear$Array2DRowRealMatrix#operate(double[]):340;0.0
org.apache.commons.math.linear$Array2DRowRealMatrix#operate(double[]):341;0.0
org.apache.commons.math.linear$Array2DRowRealMatrix#operate(double[]):342;0.0
org.apache.commons.math.linear$Array2DRowRealMatrix#operate(double[]):343;0.0
org.apache.commons.math.linear$Array2DRowRealMatrix#operate(double[]):344;0.0
org.apache.commons.math.linear$Array2DRowRealMatrix#operate(double[]):346;0.0
org.apache.commons.math.linear$Array2DRowRealMatrix#operate(double[]):348;0.0
org.apache.commons.math.linear$Array2DRowRealMatrix#preMultiply(double[]):354;0.0
org.apache.commons.math.linear$Array2DRowRealMatrix#preMultiply(double[]):355;0.0
org.apache.commons.math.linear$Array2DRowRealMatrix#preMultiply(double[]):356;0.0
org.apache.commons.math.linear$Array2DRowRealMatrix#preMultiply(double[]):357;0.0
org.apache.commons.math.linear$Array2DRowRealMatrix#preMultiply(double[]):360;0.0
org.apache.commons.math.linear$Array2DRowRealMatrix#preMultiply(double[]):361;0.0
org.apache.commons.math.linear$Array2DRowRealMatrix#preMultiply(double[]):362;0.0
org.apache.commons.math.linear$Array2DRowRealMatrix#preMultiply(double[]):363;0.0
org.apache.commons.math.linear$Array2DRowRealMatrix#preMultiply(double[]):364;0.0
org.apache.commons.math.linear$Array2DRowRealMatrix#preMultiply(double[]):366;0.0
org.apache.commons.math.linear$Array2DRowRealMatrix#preMultiply(double[]):369;0.0
org.apache.commons.math.linear$Array2DRowRealMatrix#walkInRowOrder(org.apache.commons.math.linear.RealMatrixChangingVisitor):376;0.0
org.apache.commons.math.linear$Array2DRowRealMatrix#walkInRowOrder(org.apache.commons.math.linear.RealMatrixChangingVisitor):377;0.0
org.apache.commons.math.linear$Array2DRowRealMatrix#walkInRowOrder(org.apache.commons.math.linear.RealMatrixChangingVisitor):378;0.0
org.apache.commons.math.linear$Array2DRowRealMatrix#walkInRowOrder(org.apache.commons.math.linear.RealMatrixChangingVisitor):379;0.0
org.apache.commons.math.linear$Array2DRowRealMatrix#walkInRowOrder(org.apache.commons.math.linear.RealMatrixChangingVisitor):380;0.0
org.apache.commons.math.linear$Array2DRowRealMatrix#walkInRowOrder(org.apache.commons.math.linear.RealMatrixChangingVisitor):381;0.0
org.apache.commons.math.linear$Array2DRowRealMatrix#walkInRowOrder(org.apache.commons.math.linear.RealMatrixChangingVisitor):382;0.0
org.apache.commons.math.linear$Array2DRowRealMatrix#walkInRowOrder(org.apache.commons.math.linear.RealMatrixChangingVisitor):385;0.0
org.apache.commons.math.linear$Array2DRowRealMatrix#walkInRowOrder(org.apache.commons.math.linear.RealMatrixPreservingVisitor):391;0.0
org.apache.commons.math.linear$Array2DRowRealMatrix#walkInRowOrder(org.apache.commons.math.linear.RealMatrixPreservingVisitor):392;0.0
org.apache.commons.math.linear$Array2DRowRealMatrix#walkInRowOrder(org.apache.commons.math.linear.RealMatrixPreservingVisitor):393;0.0
org.apache.commons.math.linear$Array2DRowRealMatrix#walkInRowOrder(org.apache.commons.math.linear.RealMatrixPreservingVisitor):394;0.0
org.apache.commons.math.linear$Array2DRowRealMatrix#walkInRowOrder(org.apache.commons.math.linear.RealMatrixPreservingVisitor):395;0.0
org.apache.commons.math.linear$Array2DRowRealMatrix#walkInRowOrder(org.apache.commons.math.linear.RealMatrixPreservingVisitor):396;0.0
org.apache.commons.math.linear$Array2DRowRealMatrix#walkInRowOrder(org.apache.commons.math.linear.RealMatrixPreservingVisitor):397;0.0
org.apache.commons.math.linear$Array2DRowRealMatrix#walkInRowOrder(org.apache.commons.math.linear.RealMatrixPreservingVisitor):400;0.0
org.apache.commons.math.linear$Array2DRowRealMatrix#walkInRowOrder(org.apache.commons.math.linear.RealMatrixChangingVisitor,int,int,int,int):408;0.0
org.apache.commons.math.linear$Array2DRowRealMatrix#walkInRowOrder(org.apache.commons.math.linear.RealMatrixChangingVisitor,int,int,int,int):409;0.0
org.apache.commons.math.linear$Array2DRowRealMatrix#walkInRowOrder(org.apache.commons.math.linear.RealMatrixChangingVisitor,int,int,int,int):411;0.0
org.apache.commons.math.linear$Array2DRowRealMatrix#walkInRowOrder(org.apache.commons.math.linear.RealMatrixChangingVisitor,int,int,int,int):412;0.0
org.apache.commons.math.linear$Array2DRowRealMatrix#walkInRowOrder(org.apache.commons.math.linear.RealMatrixChangingVisitor,int,int,int,int):413;0.0
org.apache.commons.math.linear$Array2DRowRealMatrix#walkInRowOrder(org.apache.commons.math.linear.RealMatrixChangingVisitor,int,int,int,int):414;0.0
org.apache.commons.math.linear$Array2DRowRealMatrix#walkInRowOrder(org.apache.commons.math.linear.RealMatrixChangingVisitor,int,int,int,int):417;0.0
org.apache.commons.math.linear$Array2DRowRealMatrix#walkInRowOrder(org.apache.commons.math.linear.RealMatrixPreservingVisitor,int,int,int,int):425;0.0
org.apache.commons.math.linear$Array2DRowRealMatrix#walkInRowOrder(org.apache.commons.math.linear.RealMatrixPreservingVisitor,int,int,int,int):426;0.0
org.apache.commons.math.linear$Array2DRowRealMatrix#walkInRowOrder(org.apache.commons.math.linear.RealMatrixPreservingVisitor,int,int,int,int):428;0.0
org.apache.commons.math.linear$Array2DRowRealMatrix#walkInRowOrder(org.apache.commons.math.linear.RealMatrixPreservingVisitor,int,int,int,int):429;0.0
org.apache.commons.math.linear$Array2DRowRealMatrix#walkInRowOrder(org.apache.commons.math.linear.RealMatrixPreservingVisitor,int,int,int,int):430;0.0
org.apache.commons.math.linear$Array2DRowRealMatrix#walkInRowOrder(org.apache.commons.math.linear.RealMatrixPreservingVisitor,int,int,int,int):431;0.0
org.apache.commons.math.linear$Array2DRowRealMatrix#walkInRowOrder(org.apache.commons.math.linear.RealMatrixPreservingVisitor,int,int,int,int):434;0.0
org.apache.commons.math.linear$Array2DRowRealMatrix#walkInColumnOrder(org.apache.commons.math.linear.RealMatrixChangingVisitor):440;0.0
org.apache.commons.math.linear$Array2DRowRealMatrix#walkInColumnOrder(org.apache.commons.math.linear.RealMatrixChangingVisitor):441;0.0
org.apache.commons.math.linear$Array2DRowRealMatrix#walkInColumnOrder(org.apache.commons.math.linear.RealMatrixChangingVisitor):442;0.0
org.apache.commons.math.linear$Array2DRowRealMatrix#walkInColumnOrder(org.apache.commons.math.linear.RealMatrixChangingVisitor):443;0.0
org.apache.commons.math.linear$Array2DRowRealMatrix#walkInColumnOrder(org.apache.commons.math.linear.RealMatrixChangingVisitor):444;0.0
org.apache.commons.math.linear$Array2DRowRealMatrix#walkInColumnOrder(org.apache.commons.math.linear.RealMatrixChangingVisitor):445;0.0
org.apache.commons.math.linear$Array2DRowRealMatrix#walkInColumnOrder(org.apache.commons.math.linear.RealMatrixChangingVisitor):446;0.0
org.apache.commons.math.linear$Array2DRowRealMatrix#walkInColumnOrder(org.apache.commons.math.linear.RealMatrixChangingVisitor):449;0.0
org.apache.commons.math.linear$Array2DRowRealMatrix#walkInColumnOrder(org.apache.commons.math.linear.RealMatrixPreservingVisitor):455;0.0
org.apache.commons.math.linear$Array2DRowRealMatrix#walkInColumnOrder(org.apache.commons.math.linear.RealMatrixPreservingVisitor):456;0.0
org.apache.commons.math.linear$Array2DRowRealMatrix#walkInColumnOrder(org.apache.commons.math.linear.RealMatrixPreservingVisitor):457;0.0
org.apache.commons.math.linear$Array2DRowRealMatrix#walkInColumnOrder(org.apache.commons.math.linear.RealMatrixPreservingVisitor):458;0.0
org.apache.commons.math.linear$Array2DRowRealMatrix#walkInColumnOrder(org.apache.commons.math.linear.RealMatrixPreservingVisitor):459;0.0
org.apache.commons.math.linear$Array2DRowRealMatrix#walkInColumnOrder(org.apache.commons.math.linear.RealMatrixPreservingVisitor):460;0.0
org.apache.commons.math.linear$Array2DRowRealMatrix#walkInColumnOrder(org.apache.commons.math.linear.RealMatrixPreservingVisitor):463;0.0
org.apache.commons.math.linear$Array2DRowRealMatrix#walkInColumnOrder(org.apache.commons.math.linear.RealMatrixChangingVisitor,int,int,int,int):471;0.0
org.apache.commons.math.linear$Array2DRowRealMatrix#walkInColumnOrder(org.apache.commons.math.linear.RealMatrixChangingVisitor,int,int,int,int):472;0.0
org.apache.commons.math.linear$Array2DRowRealMatrix#walkInColumnOrder(org.apache.commons.math.linear.RealMatrixChangingVisitor,int,int,int,int):474;0.0
org.apache.commons.math.linear$Array2DRowRealMatrix#walkInColumnOrder(org.apache.commons.math.linear.RealMatrixChangingVisitor,int,int,int,int):475;0.0
org.apache.commons.math.linear$Array2DRowRealMatrix#walkInColumnOrder(org.apache.commons.math.linear.RealMatrixChangingVisitor,int,int,int,int):476;0.0
org.apache.commons.math.linear$Array2DRowRealMatrix#walkInColumnOrder(org.apache.commons.math.linear.RealMatrixChangingVisitor,int,int,int,int):477;0.0
org.apache.commons.math.linear$Array2DRowRealMatrix#walkInColumnOrder(org.apache.commons.math.linear.RealMatrixChangingVisitor,int,int,int,int):480;0.0
org.apache.commons.math.linear$Array2DRowRealMatrix#walkInColumnOrder(org.apache.commons.math.linear.RealMatrixPreservingVisitor,int,int,int,int):488;0.0
org.apache.commons.math.linear$Array2DRowRealMatrix#walkInColumnOrder(org.apache.commons.math.linear.RealMatrixPreservingVisitor,int,int,int,int):489;0.0
org.apache.commons.math.linear$Array2DRowRealMatrix#walkInColumnOrder(org.apache.commons.math.linear.RealMatrixPreservingVisitor,int,int,int,int):491;0.0
org.apache.commons.math.linear$Array2DRowRealMatrix#walkInColumnOrder(org.apache.commons.math.linear.RealMatrixPreservingVisitor,int,int,int,int):492;0.0
org.apache.commons.math.linear$Array2DRowRealMatrix#walkInColumnOrder(org.apache.commons.math.linear.RealMatrixPreservingVisitor,int,int,int,int):493;0.0
org.apache.commons.math.linear$Array2DRowRealMatrix#walkInColumnOrder(org.apache.commons.math.linear.RealMatrixPreservingVisitor,int,int,int,int):496;0.0
org.apache.commons.math.linear$Array2DRowRealMatrix#copyOut():505;0.0
org.apache.commons.math.linear$Array2DRowRealMatrix#copyOut():506;0.0
org.apache.commons.math.linear$Array2DRowRealMatrix#copyOut():508;0.0
org.apache.commons.math.linear$Array2DRowRealMatrix#copyOut():509;0.0
org.apache.commons.math.linear$Array2DRowRealMatrix#copyOut():511;0.0
org.apache.commons.math.linear$AbstractRealMatrix$5#visit(int,int,double):588;0.0
org.apache.commons.math.linear$AbstractRealMatrix$5#visit(int,int,double):589;0.0
org.apache.commons.math.linear$AbstractRealMatrix$1#start(int,int,int,int,int,int):247;0.0
org.apache.commons.math.linear$AbstractRealMatrix$1#start(int,int,int,int,int,int):248;0.0
org.apache.commons.math.linear$AbstractRealMatrix$1#start(int,int,int,int,int,int):249;0.0
org.apache.commons.math.linear$AbstractRealMatrix$1#start(int,int,int,int,int,int):250;0.0
org.apache.commons.math.linear$AbstractRealMatrix$1#visit(int,int,double):254;0.0
org.apache.commons.math.linear$AbstractRealMatrix$1#visit(int,int,double):255;0.0
org.apache.commons.math.linear$AbstractRealMatrix$1#visit(int,int,double):256;0.0
org.apache.commons.math.linear$AbstractRealMatrix$1#visit(int,int,double):257;0.0
org.apache.commons.math.linear$AbstractRealMatrix$1#visit(int,int,double):259;0.0
org.apache.commons.math.linear$AbstractRealMatrix$1#end():263;0.0
org.apache.commons.math.exception$ZeroException#ZeroException():37;0.0
org.apache.commons.math.exception$ZeroException#ZeroException():38;0.0
org.apache.commons.math.exception$ZeroException#ZeroException(org.apache.commons.math.exception.util.Localizable,java.lang.Object[]):47;0.0
org.apache.commons.math.exception$ZeroException#ZeroException(org.apache.commons.math.exception.util.Localizable,java.lang.Object[]):48;0.0
org.apache.commons.math.exception$OutOfRangeException#OutOfRangeException(java.lang.Number,java.lang.Number,java.lang.Number):46;0.0
org.apache.commons.math.exception$OutOfRangeException#OutOfRangeException(java.lang.Number,java.lang.Number,java.lang.Number):47;0.0
org.apache.commons.math.exception$OutOfRangeException#OutOfRangeException(org.apache.commons.math.exception.util.Localizable,java.lang.Number,java.lang.Number,java.lang.Number):62;0.0
org.apache.commons.math.exception$OutOfRangeException#OutOfRangeException(org.apache.commons.math.exception.util.Localizable,java.lang.Number,java.lang.Number,java.lang.Number):63;0.0
org.apache.commons.math.exception$OutOfRangeException#OutOfRangeException(org.apache.commons.math.exception.util.Localizable,java.lang.Number,java.lang.Number,java.lang.Number):64;0.0
org.apache.commons.math.exception$OutOfRangeException#OutOfRangeException(org.apache.commons.math.exception.util.Localizable,java.lang.Number,java.lang.Number,java.lang.Number):65;0.0
org.apache.commons.math.exception$OutOfRangeException#getLo():71;0.0
org.apache.commons.math.exception$OutOfRangeException#getHi():77;0.0
org.apache.commons.math.exception$MaxCountExceededException#MaxCountExceededException(java.lang.Number):42;0.0
org.apache.commons.math.exception$MaxCountExceededException#MaxCountExceededException(java.lang.Number):43;0.0
org.apache.commons.math.exception$MaxCountExceededException#MaxCountExceededException(org.apache.commons.math.exception.util.Localizable,java.lang.Number,java.lang.Object[]):53;0.0
org.apache.commons.math.exception$MaxCountExceededException#MaxCountExceededException(org.apache.commons.math.exception.util.Localizable,java.lang.Number,java.lang.Object[]):54;0.0
org.apache.commons.math.exception$MaxCountExceededException#MaxCountExceededException(org.apache.commons.math.exception.util.Localizable,java.lang.Number,java.lang.Object[]):55;0.0
org.apache.commons.math.exception$MaxCountExceededException#MaxCountExceededException(org.apache.commons.math.exception.util.Localizable,java.lang.Number,java.lang.Object[]):56;0.0
org.apache.commons.math.exception$MaxCountExceededException#getMax():62;0.0
org.apache.commons.math.exception$DimensionMismatchException#DimensionMismatchException(org.apache.commons.math.exception.util.Localizable,int,int):44;0.0
org.apache.commons.math.exception$DimensionMismatchException#DimensionMismatchException(org.apache.commons.math.exception.util.Localizable,int,int):45;0.0
org.apache.commons.math.exception$DimensionMismatchException#DimensionMismatchException(org.apache.commons.math.exception.util.Localizable,int,int):46;0.0
org.apache.commons.math.exception$DimensionMismatchException#DimensionMismatchException(int,int):56;0.0
org.apache.commons.math.exception$DimensionMismatchException#DimensionMismatchException(int,int):57;0.0
org.apache.commons.math.exception$DimensionMismatchException#getDimension():63;0.0
org.apache.commons.math.exception$MathArithmeticException#MathArithmeticException():43;0.0
org.apache.commons.math.exception$MathArithmeticException#MathArithmeticException():44;0.0
org.apache.commons.math.exception$MathArithmeticException#MathArithmeticException():45;0.0
org.apache.commons.math.exception$MathArithmeticException#MathArithmeticException():46;0.0
org.apache.commons.math.exception$MathArithmeticException#MathArithmeticException(org.apache.commons.math.exception.util.Localizable,java.lang.Object[]):56;0.0
org.apache.commons.math.exception$MathArithmeticException#MathArithmeticException(org.apache.commons.math.exception.util.Localizable,java.lang.Object[]):57;0.0
org.apache.commons.math.exception$MathArithmeticException#MathArithmeticException(org.apache.commons.math.exception.util.Localizable,java.lang.Object[]):58;0.0
org.apache.commons.math.exception$MathArithmeticException#MathArithmeticException(org.apache.commons.math.exception.util.Localizable,java.lang.Object[]):59;0.0
org.apache.commons.math.exception$MathArithmeticException#getContext():63;0.0
org.apache.commons.math.exception$MathArithmeticException#getMessage():69;0.0
org.apache.commons.math.exception$MathArithmeticException#getLocalizedMessage():75;0.0
org.apache.commons.math.exception$NotFiniteNumberException#NotFiniteNumberException(java.lang.Number,java.lang.Object[]):40;0.0
org.apache.commons.math.exception$NotFiniteNumberException#NotFiniteNumberException(java.lang.Number,java.lang.Object[]):41;0.0
org.apache.commons.math.exception$NotFiniteNumberException#NotFiniteNumberException(org.apache.commons.math.exception.util.Localizable,java.lang.Number,java.lang.Object[]):53;0.0
org.apache.commons.math.exception$NotFiniteNumberException#NotFiniteNumberException(org.apache.commons.math.exception.util.Localizable,java.lang.Number,java.lang.Object[]):54;0.0
org.apache.commons.math.optimization$RealPointValuePair#RealPointValuePair(double[],double,boolean):57;0.0
org.apache.commons.math.optimization$RealPointValuePair#RealPointValuePair(double[],double,boolean):58;0.0
org.apache.commons.math.optimization$RealPointValuePair#RealPointValuePair(double[],double,boolean):61;0.0
org.apache.commons.math.optimization$RealPointValuePair#RealPointValuePair(double[],double,boolean):62;0.0
org.apache.commons.math.optimization$RealPointValuePair#getPointRef():77;0.0
org.apache.commons.math.optimization$RealPointValuePair#getValue():84;0.0
org.apache.commons.math.linear$BlockRealMatrix#BlockRealMatrix(int,int):94;0.0
org.apache.commons.math.linear$BlockRealMatrix#BlockRealMatrix(int,int):95;0.0
org.apache.commons.math.linear$BlockRealMatrix#BlockRealMatrix(int,int):96;0.0
org.apache.commons.math.linear$BlockRealMatrix#BlockRealMatrix(int,int):99;0.0
org.apache.commons.math.linear$BlockRealMatrix#BlockRealMatrix(int,int):100;0.0
org.apache.commons.math.linear$BlockRealMatrix#BlockRealMatrix(int,int):103;0.0
org.apache.commons.math.linear$BlockRealMatrix#BlockRealMatrix(int,int):104;0.0
org.apache.commons.math.linear$BlockRealMatrix#BlockRealMatrix(double[][]):120;0.0
org.apache.commons.math.linear$BlockRealMatrix#BlockRealMatrix(double[][]):121;0.0
org.apache.commons.math.linear$BlockRealMatrix#BlockRealMatrix(int,int,double[][],boolean):139;0.0
org.apache.commons.math.linear$BlockRealMatrix#BlockRealMatrix(int,int,double[][],boolean):140;0.0
org.apache.commons.math.linear$BlockRealMatrix#BlockRealMatrix(int,int,double[][],boolean):141;0.0
org.apache.commons.math.linear$BlockRealMatrix#BlockRealMatrix(int,int,double[][],boolean):144;0.0
org.apache.commons.math.linear$BlockRealMatrix#BlockRealMatrix(int,int,double[][],boolean):145;0.0
org.apache.commons.math.linear$BlockRealMatrix#BlockRealMatrix(int,int,double[][],boolean):147;0.0
org.apache.commons.math.linear$BlockRealMatrix#BlockRealMatrix(int,int,double[][],boolean):149;0.0
org.apache.commons.math.linear$BlockRealMatrix#BlockRealMatrix(int,int,double[][],boolean):152;0.0
org.apache.commons.math.linear$BlockRealMatrix#BlockRealMatrix(int,int,double[][],boolean):155;0.0
org.apache.commons.math.linear$BlockRealMatrix#BlockRealMatrix(int,int,double[][],boolean):156;0.0
org.apache.commons.math.linear$BlockRealMatrix#BlockRealMatrix(int,int,double[][],boolean):157;0.0
org.apache.commons.math.linear$BlockRealMatrix#BlockRealMatrix(int,int,double[][],boolean):158;0.0
org.apache.commons.math.linear$BlockRealMatrix#BlockRealMatrix(int,int,double[][],boolean):159;0.0
org.apache.commons.math.linear$BlockRealMatrix#BlockRealMatrix(int,int,double[][],boolean):160;0.0
org.apache.commons.math.linear$BlockRealMatrix#BlockRealMatrix(int,int,double[][],boolean):163;0.0
org.apache.commons.math.linear$BlockRealMatrix#BlockRealMatrix(int,int,double[][],boolean):164;0.0
org.apache.commons.math.linear$BlockRealMatrix#BlockRealMatrix(int,int,double[][],boolean):168;0.0
org.apache.commons.math.linear$BlockRealMatrix#toBlocksLayout(double[][]):192;0.0
org.apache.commons.math.linear$BlockRealMatrix#toBlocksLayout(double[][]):193;0.0
org.apache.commons.math.linear$BlockRealMatrix#toBlocksLayout(double[][]):194;0.0
org.apache.commons.math.linear$BlockRealMatrix#toBlocksLayout(double[][]):195;0.0
org.apache.commons.math.linear$BlockRealMatrix#toBlocksLayout(double[][]):198;0.0
org.apache.commons.math.linear$BlockRealMatrix#toBlocksLayout(double[][]):199;0.0
org.apache.commons.math.linear$BlockRealMatrix#toBlocksLayout(double[][]):200;0.0
org.apache.commons.math.linear$BlockRealMatrix#toBlocksLayout(double[][]):201;0.0
org.apache.commons.math.linear$BlockRealMatrix#toBlocksLayout(double[][]):206;0.0
org.apache.commons.math.linear$BlockRealMatrix#toBlocksLayout(double[][]):207;0.0
org.apache.commons.math.linear$BlockRealMatrix#toBlocksLayout(double[][]):208;0.0
org.apache.commons.math.linear$BlockRealMatrix#toBlocksLayout(double[][]):209;0.0
org.apache.commons.math.linear$BlockRealMatrix#toBlocksLayout(double[][]):210;0.0
org.apache.commons.math.linear$BlockRealMatrix#toBlocksLayout(double[][]):211;0.0
org.apache.commons.math.linear$BlockRealMatrix#toBlocksLayout(double[][]):212;0.0
org.apache.commons.math.linear$BlockRealMatrix#toBlocksLayout(double[][]):213;0.0
org.apache.commons.math.linear$BlockRealMatrix#toBlocksLayout(double[][]):214;0.0
org.apache.commons.math.linear$BlockRealMatrix#toBlocksLayout(double[][]):215;0.0
org.apache.commons.math.linear$BlockRealMatrix#toBlocksLayout(double[][]):218;0.0
org.apache.commons.math.linear$BlockRealMatrix#toBlocksLayout(double[][]):219;0.0
org.apache.commons.math.linear$BlockRealMatrix#toBlocksLayout(double[][]):222;0.0
org.apache.commons.math.linear$BlockRealMatrix#toBlocksLayout(double[][]):223;0.0
org.apache.commons.math.linear$BlockRealMatrix#toBlocksLayout(double[][]):224;0.0
org.apache.commons.math.linear$BlockRealMatrix#toBlocksLayout(double[][]):225;0.0
org.apache.commons.math.linear$BlockRealMatrix#toBlocksLayout(double[][]):227;0.0
org.apache.commons.math.linear$BlockRealMatrix#toBlocksLayout(double[][]):231;0.0
org.apache.commons.math.linear$BlockRealMatrix#createBlocksLayout(int,int):247;0.0
org.apache.commons.math.linear$BlockRealMatrix#createBlocksLayout(int,int):248;0.0
org.apache.commons.math.linear$BlockRealMatrix#createBlocksLayout(int,int):250;0.0
org.apache.commons.math.linear$BlockRealMatrix#createBlocksLayout(int,int):251;0.0
org.apache.commons.math.linear$BlockRealMatrix#createBlocksLayout(int,int):252;0.0
org.apache.commons.math.linear$BlockRealMatrix#createBlocksLayout(int,int):253;0.0
org.apache.commons.math.linear$BlockRealMatrix#createBlocksLayout(int,int):254;0.0
org.apache.commons.math.linear$BlockRealMatrix#createBlocksLayout(int,int):255;0.0
org.apache.commons.math.linear$BlockRealMatrix#createBlocksLayout(int,int):256;0.0
org.apache.commons.math.linear$BlockRealMatrix#createBlocksLayout(int,int):257;0.0
org.apache.commons.math.linear$BlockRealMatrix#createBlocksLayout(int,int):258;0.0
org.apache.commons.math.linear$BlockRealMatrix#createBlocksLayout(int,int):259;0.0
org.apache.commons.math.linear$BlockRealMatrix#createBlocksLayout(int,int):260;0.0
org.apache.commons.math.linear$BlockRealMatrix#createBlocksLayout(int,int):261;0.0
org.apache.commons.math.linear$BlockRealMatrix#createBlocksLayout(int,int):265;0.0
org.apache.commons.math.linear$BlockRealMatrix#createMatrix(int,int):271;0.0
org.apache.commons.math.linear$BlockRealMatrix#copy():278;0.0
org.apache.commons.math.linear$BlockRealMatrix#copy():281;0.0
org.apache.commons.math.linear$BlockRealMatrix#copy():282;0.0
org.apache.commons.math.linear$BlockRealMatrix#copy():285;0.0
org.apache.commons.math.linear$BlockRealMatrix#add(org.apache.commons.math.linear.RealMatrix):292;0.0
org.apache.commons.math.linear$BlockRealMatrix#add(org.apache.commons.math.linear.RealMatrix):293;0.0
org.apache.commons.math.linear$BlockRealMatrix#add(org.apache.commons.math.linear.RealMatrix):295;0.0
org.apache.commons.math.linear$BlockRealMatrix#add(org.apache.commons.math.linear.RealMatrix):297;0.0
org.apache.commons.math.linear$BlockRealMatrix#add(org.apache.commons.math.linear.RealMatrix):300;0.0
org.apache.commons.math.linear$BlockRealMatrix#add(org.apache.commons.math.linear.RealMatrix):301;0.0
org.apache.commons.math.linear$BlockRealMatrix#add(org.apache.commons.math.linear.RealMatrix):302;0.0
org.apache.commons.math.linear$BlockRealMatrix#add(org.apache.commons.math.linear.RealMatrix):305;0.0
org.apache.commons.math.linear$BlockRealMatrix#add(org.apache.commons.math.linear.RealMatrix):306;0.0
org.apache.commons.math.linear$BlockRealMatrix#add(org.apache.commons.math.linear.RealMatrix):307;0.0
org.apache.commons.math.linear$BlockRealMatrix#add(org.apache.commons.math.linear.RealMatrix):308;0.0
org.apache.commons.math.linear$BlockRealMatrix#add(org.apache.commons.math.linear.RealMatrix):309;0.0
org.apache.commons.math.linear$BlockRealMatrix#add(org.apache.commons.math.linear.RealMatrix):310;0.0
org.apache.commons.math.linear$BlockRealMatrix#add(org.apache.commons.math.linear.RealMatrix):311;0.0
org.apache.commons.math.linear$BlockRealMatrix#add(org.apache.commons.math.linear.RealMatrix):312;0.0
org.apache.commons.math.linear$BlockRealMatrix#add(org.apache.commons.math.linear.RealMatrix):313;0.0
org.apache.commons.math.linear$BlockRealMatrix#add(org.apache.commons.math.linear.RealMatrix):314;0.0
org.apache.commons.math.linear$BlockRealMatrix#add(org.apache.commons.math.linear.RealMatrix):315;0.0
org.apache.commons.math.linear$BlockRealMatrix#add(org.apache.commons.math.linear.RealMatrix):319;0.0
org.apache.commons.math.linear$BlockRealMatrix#add(org.apache.commons.math.linear.RealMatrix):323;0.0
org.apache.commons.math.linear$BlockRealMatrix#add(org.apache.commons.math.linear.BlockRealMatrix):337;0.0
org.apache.commons.math.linear$BlockRealMatrix#add(org.apache.commons.math.linear.BlockRealMatrix):339;0.0
org.apache.commons.math.linear$BlockRealMatrix#add(org.apache.commons.math.linear.BlockRealMatrix):342;0.0
org.apache.commons.math.linear$BlockRealMatrix#add(org.apache.commons.math.linear.BlockRealMatrix):343;0.0
org.apache.commons.math.linear$BlockRealMatrix#add(org.apache.commons.math.linear.BlockRealMatrix):344;0.0
org.apache.commons.math.linear$BlockRealMatrix#add(org.apache.commons.math.linear.BlockRealMatrix):345;0.0
org.apache.commons.math.linear$BlockRealMatrix#add(org.apache.commons.math.linear.BlockRealMatrix):346;0.0
org.apache.commons.math.linear$BlockRealMatrix#add(org.apache.commons.math.linear.BlockRealMatrix):347;0.0
org.apache.commons.math.linear$BlockRealMatrix#add(org.apache.commons.math.linear.BlockRealMatrix):351;0.0
org.apache.commons.math.linear$BlockRealMatrix#subtract(org.apache.commons.math.linear.RealMatrix):358;0.0
org.apache.commons.math.linear$BlockRealMatrix#subtract(org.apache.commons.math.linear.RealMatrix):359;0.0
org.apache.commons.math.linear$BlockRealMatrix#subtract(org.apache.commons.math.linear.RealMatrix):361;0.0
org.apache.commons.math.linear$BlockRealMatrix#subtract(org.apache.commons.math.linear.RealMatrix):363;0.0
org.apache.commons.math.linear$BlockRealMatrix#subtract(org.apache.commons.math.linear.RealMatrix):366;0.0
org.apache.commons.math.linear$BlockRealMatrix#subtract(org.apache.commons.math.linear.RealMatrix):367;0.0
org.apache.commons.math.linear$BlockRealMatrix#subtract(org.apache.commons.math.linear.RealMatrix):368;0.0
org.apache.commons.math.linear$BlockRealMatrix#subtract(org.apache.commons.math.linear.RealMatrix):371;0.0
org.apache.commons.math.linear$BlockRealMatrix#subtract(org.apache.commons.math.linear.RealMatrix):372;0.0
org.apache.commons.math.linear$BlockRealMatrix#subtract(org.apache.commons.math.linear.RealMatrix):373;0.0
org.apache.commons.math.linear$BlockRealMatrix#subtract(org.apache.commons.math.linear.RealMatrix):374;0.0
org.apache.commons.math.linear$BlockRealMatrix#subtract(org.apache.commons.math.linear.RealMatrix):375;0.0
org.apache.commons.math.linear$BlockRealMatrix#subtract(org.apache.commons.math.linear.RealMatrix):376;0.0
org.apache.commons.math.linear$BlockRealMatrix#subtract(org.apache.commons.math.linear.RealMatrix):377;0.0
org.apache.commons.math.linear$BlockRealMatrix#subtract(org.apache.commons.math.linear.RealMatrix):378;0.0
org.apache.commons.math.linear$BlockRealMatrix#subtract(org.apache.commons.math.linear.RealMatrix):379;0.0
org.apache.commons.math.linear$BlockRealMatrix#subtract(org.apache.commons.math.linear.RealMatrix):380;0.0
org.apache.commons.math.linear$BlockRealMatrix#subtract(org.apache.commons.math.linear.RealMatrix):381;0.0
org.apache.commons.math.linear$BlockRealMatrix#subtract(org.apache.commons.math.linear.RealMatrix):385;0.0
org.apache.commons.math.linear$BlockRealMatrix#subtract(org.apache.commons.math.linear.RealMatrix):389;0.0
org.apache.commons.math.linear$BlockRealMatrix#subtract(org.apache.commons.math.linear.BlockRealMatrix):403;0.0
org.apache.commons.math.linear$BlockRealMatrix#subtract(org.apache.commons.math.linear.BlockRealMatrix):405;0.0
org.apache.commons.math.linear$BlockRealMatrix#subtract(org.apache.commons.math.linear.BlockRealMatrix):408;0.0
org.apache.commons.math.linear$BlockRealMatrix#subtract(org.apache.commons.math.linear.BlockRealMatrix):409;0.0
org.apache.commons.math.linear$BlockRealMatrix#subtract(org.apache.commons.math.linear.BlockRealMatrix):410;0.0
org.apache.commons.math.linear$BlockRealMatrix#subtract(org.apache.commons.math.linear.BlockRealMatrix):411;0.0
org.apache.commons.math.linear$BlockRealMatrix#subtract(org.apache.commons.math.linear.BlockRealMatrix):412;0.0
org.apache.commons.math.linear$BlockRealMatrix#subtract(org.apache.commons.math.linear.BlockRealMatrix):413;0.0
org.apache.commons.math.linear$BlockRealMatrix#subtract(org.apache.commons.math.linear.BlockRealMatrix):417;0.0
org.apache.commons.math.linear$BlockRealMatrix#scalarAdd(double):424;0.0
org.apache.commons.math.linear$BlockRealMatrix#scalarAdd(double):427;0.0
org.apache.commons.math.linear$BlockRealMatrix#scalarAdd(double):428;0.0
org.apache.commons.math.linear$BlockRealMatrix#scalarAdd(double):429;0.0
org.apache.commons.math.linear$BlockRealMatrix#scalarAdd(double):430;0.0
org.apache.commons.math.linear$BlockRealMatrix#scalarAdd(double):431;0.0
org.apache.commons.math.linear$BlockRealMatrix#scalarAdd(double):435;0.0
org.apache.commons.math.linear$BlockRealMatrix#scalarMultiply(double):441;0.0
org.apache.commons.math.linear$BlockRealMatrix#scalarMultiply(double):444;0.0
org.apache.commons.math.linear$BlockRealMatrix#scalarMultiply(double):445;0.0
org.apache.commons.math.linear$BlockRealMatrix#scalarMultiply(double):446;0.0
org.apache.commons.math.linear$BlockRealMatrix#scalarMultiply(double):447;0.0
org.apache.commons.math.linear$BlockRealMatrix#scalarMultiply(double):448;0.0
org.apache.commons.math.linear$BlockRealMatrix#scalarMultiply(double):452;0.0
org.apache.commons.math.linear$BlockRealMatrix#multiply(org.apache.commons.math.linear.RealMatrix):459;0.0
org.apache.commons.math.linear$BlockRealMatrix#multiply(org.apache.commons.math.linear.RealMatrix):460;0.0
org.apache.commons.math.linear$BlockRealMatrix#multiply(org.apache.commons.math.linear.RealMatrix):462;0.0
org.apache.commons.math.linear$BlockRealMatrix#multiply(org.apache.commons.math.linear.RealMatrix):464;0.0
org.apache.commons.math.linear$BlockRealMatrix#multiply(org.apache.commons.math.linear.RealMatrix):467;0.0
org.apache.commons.math.linear$BlockRealMatrix#multiply(org.apache.commons.math.linear.RealMatrix):468;0.0
org.apache.commons.math.linear$BlockRealMatrix#multiply(org.apache.commons.math.linear.RealMatrix):469;0.0
org.apache.commons.math.linear$BlockRealMatrix#multiply(org.apache.commons.math.linear.RealMatrix):470;0.0
org.apache.commons.math.linear$BlockRealMatrix#multiply(org.apache.commons.math.linear.RealMatrix):472;0.0
org.apache.commons.math.linear$BlockRealMatrix#multiply(org.apache.commons.math.linear.RealMatrix):473;0.0
org.apache.commons.math.linear$BlockRealMatrix#multiply(org.apache.commons.math.linear.RealMatrix):474;0.0
org.apache.commons.math.linear$BlockRealMatrix#multiply(org.apache.commons.math.linear.RealMatrix):477;0.0
org.apache.commons.math.linear$BlockRealMatrix#multiply(org.apache.commons.math.linear.RealMatrix):480;0.0
org.apache.commons.math.linear$BlockRealMatrix#multiply(org.apache.commons.math.linear.RealMatrix):481;0.0
org.apache.commons.math.linear$BlockRealMatrix#multiply(org.apache.commons.math.linear.RealMatrix):482;0.0
org.apache.commons.math.linear$BlockRealMatrix#multiply(org.apache.commons.math.linear.RealMatrix):483;0.0
org.apache.commons.math.linear$BlockRealMatrix#multiply(org.apache.commons.math.linear.RealMatrix):484;0.0
org.apache.commons.math.linear$BlockRealMatrix#multiply(org.apache.commons.math.linear.RealMatrix):485;0.0
org.apache.commons.math.linear$BlockRealMatrix#multiply(org.apache.commons.math.linear.RealMatrix):486;0.0
org.apache.commons.math.linear$BlockRealMatrix#multiply(org.apache.commons.math.linear.RealMatrix):487;0.0
org.apache.commons.math.linear$BlockRealMatrix#multiply(org.apache.commons.math.linear.RealMatrix):488;0.0
org.apache.commons.math.linear$BlockRealMatrix#multiply(org.apache.commons.math.linear.RealMatrix):489;0.0
org.apache.commons.math.linear$BlockRealMatrix#multiply(org.apache.commons.math.linear.RealMatrix):490;0.0
org.apache.commons.math.linear$BlockRealMatrix#multiply(org.apache.commons.math.linear.RealMatrix):491;0.0
org.apache.commons.math.linear$BlockRealMatrix#multiply(org.apache.commons.math.linear.RealMatrix):492;0.0
org.apache.commons.math.linear$BlockRealMatrix#multiply(org.apache.commons.math.linear.RealMatrix):493;0.0
org.apache.commons.math.linear$BlockRealMatrix#multiply(org.apache.commons.math.linear.RealMatrix):495;0.0
org.apache.commons.math.linear$BlockRealMatrix#multiply(org.apache.commons.math.linear.RealMatrix):496;0.0
org.apache.commons.math.linear$BlockRealMatrix#multiply(org.apache.commons.math.linear.RealMatrix):501;0.0
org.apache.commons.math.linear$BlockRealMatrix#multiply(org.apache.commons.math.linear.RealMatrix):505;0.0
org.apache.commons.math.linear$BlockRealMatrix#multiply(org.apache.commons.math.linear.BlockRealMatrix):519;0.0
org.apache.commons.math.linear$BlockRealMatrix#multiply(org.apache.commons.math.linear.BlockRealMatrix):521;0.0
org.apache.commons.math.linear$BlockRealMatrix#multiply(org.apache.commons.math.linear.BlockRealMatrix):524;0.0
org.apache.commons.math.linear$BlockRealMatrix#multiply(org.apache.commons.math.linear.BlockRealMatrix):525;0.0
org.apache.commons.math.linear$BlockRealMatrix#multiply(org.apache.commons.math.linear.BlockRealMatrix):527;0.0
org.apache.commons.math.linear$BlockRealMatrix#multiply(org.apache.commons.math.linear.BlockRealMatrix):528;0.0
org.apache.commons.math.linear$BlockRealMatrix#multiply(org.apache.commons.math.linear.BlockRealMatrix):530;0.0
org.apache.commons.math.linear$BlockRealMatrix#multiply(org.apache.commons.math.linear.BlockRealMatrix):531;0.0
org.apache.commons.math.linear$BlockRealMatrix#multiply(org.apache.commons.math.linear.BlockRealMatrix):532;0.0
org.apache.commons.math.linear$BlockRealMatrix#multiply(org.apache.commons.math.linear.BlockRealMatrix):533;0.0
org.apache.commons.math.linear$BlockRealMatrix#multiply(org.apache.commons.math.linear.BlockRealMatrix):534;0.0
org.apache.commons.math.linear$BlockRealMatrix#multiply(org.apache.commons.math.linear.BlockRealMatrix):537;0.0
org.apache.commons.math.linear$BlockRealMatrix#multiply(org.apache.commons.math.linear.BlockRealMatrix):540;0.0
org.apache.commons.math.linear$BlockRealMatrix#multiply(org.apache.commons.math.linear.BlockRealMatrix):541;0.0
org.apache.commons.math.linear$BlockRealMatrix#multiply(org.apache.commons.math.linear.BlockRealMatrix):542;0.0
org.apache.commons.math.linear$BlockRealMatrix#multiply(org.apache.commons.math.linear.BlockRealMatrix):543;0.0
org.apache.commons.math.linear$BlockRealMatrix#multiply(org.apache.commons.math.linear.BlockRealMatrix):544;0.0
org.apache.commons.math.linear$BlockRealMatrix#multiply(org.apache.commons.math.linear.BlockRealMatrix):545;0.0
org.apache.commons.math.linear$BlockRealMatrix#multiply(org.apache.commons.math.linear.BlockRealMatrix):546;0.0
org.apache.commons.math.linear$BlockRealMatrix#multiply(org.apache.commons.math.linear.BlockRealMatrix):547;0.0
org.apache.commons.math.linear$BlockRealMatrix#multiply(org.apache.commons.math.linear.BlockRealMatrix):548;0.0
org.apache.commons.math.linear$BlockRealMatrix#multiply(org.apache.commons.math.linear.BlockRealMatrix):549;0.0
org.apache.commons.math.linear$BlockRealMatrix#multiply(org.apache.commons.math.linear.BlockRealMatrix):550;0.0
org.apache.commons.math.linear$BlockRealMatrix#multiply(org.apache.commons.math.linear.BlockRealMatrix):551;0.0
org.apache.commons.math.linear$BlockRealMatrix#multiply(org.apache.commons.math.linear.BlockRealMatrix):552;0.0
org.apache.commons.math.linear$BlockRealMatrix#multiply(org.apache.commons.math.linear.BlockRealMatrix):553;0.0
org.apache.commons.math.linear$BlockRealMatrix#multiply(org.apache.commons.math.linear.BlockRealMatrix):557;0.0
org.apache.commons.math.linear$BlockRealMatrix#multiply(org.apache.commons.math.linear.BlockRealMatrix):558;0.0
org.apache.commons.math.linear$BlockRealMatrix#multiply(org.apache.commons.math.linear.BlockRealMatrix):560;0.0
org.apache.commons.math.linear$BlockRealMatrix#multiply(org.apache.commons.math.linear.BlockRealMatrix):561;0.0
org.apache.commons.math.linear$BlockRealMatrix#multiply(org.apache.commons.math.linear.BlockRealMatrix):562;0.0
org.apache.commons.math.linear$BlockRealMatrix#multiply(org.apache.commons.math.linear.BlockRealMatrix):564;0.0
org.apache.commons.math.linear$BlockRealMatrix#multiply(org.apache.commons.math.linear.BlockRealMatrix):565;0.0
org.apache.commons.math.linear$BlockRealMatrix#multiply(org.apache.commons.math.linear.BlockRealMatrix):570;0.0
org.apache.commons.math.linear$BlockRealMatrix#multiply(org.apache.commons.math.linear.BlockRealMatrix):574;0.0
org.apache.commons.math.linear$BlockRealMatrix#getData():580;0.0
org.apache.commons.math.linear$BlockRealMatrix#getData():581;0.0
org.apache.commons.math.linear$BlockRealMatrix#getData():583;0.0
org.apache.commons.math.linear$BlockRealMatrix#getData():584;0.0
org.apache.commons.math.linear$BlockRealMatrix#getData():585;0.0
org.apache.commons.math.linear$BlockRealMatrix#getData():586;0.0
org.apache.commons.math.linear$BlockRealMatrix#getData():587;0.0
org.apache.commons.math.linear$BlockRealMatrix#getData():588;0.0
org.apache.commons.math.linear$BlockRealMatrix#getData():589;0.0
org.apache.commons.math.linear$BlockRealMatrix#getData():590;0.0
org.apache.commons.math.linear$BlockRealMatrix#getData():591;0.0
org.apache.commons.math.linear$BlockRealMatrix#getData():592;0.0
org.apache.commons.math.linear$BlockRealMatrix#getData():593;0.0
org.apache.commons.math.linear$BlockRealMatrix#getData():594;0.0
org.apache.commons.math.linear$BlockRealMatrix#getData():596;0.0
org.apache.commons.math.linear$BlockRealMatrix#getData():597;0.0
org.apache.commons.math.linear$BlockRealMatrix#getData():598;0.0
org.apache.commons.math.linear$BlockRealMatrix#getData():602;0.0
org.apache.commons.math.linear$BlockRealMatrix#getNorm():608;0.0
org.apache.commons.math.linear$BlockRealMatrix#getNorm():609;0.0
org.apache.commons.math.linear$BlockRealMatrix#getNorm():610;0.0
org.apache.commons.math.linear$BlockRealMatrix#getNorm():611;0.0
org.apache.commons.math.linear$BlockRealMatrix#getNorm():612;0.0
org.apache.commons.math.linear$BlockRealMatrix#getNorm():613;0.0
org.apache.commons.math.linear$BlockRealMatrix#getNorm():614;0.0
org.apache.commons.math.linear$BlockRealMatrix#getNorm():615;0.0
org.apache.commons.math.linear$BlockRealMatrix#getNorm():616;0.0
org.apache.commons.math.linear$BlockRealMatrix#getNorm():617;0.0
org.apache.commons.math.linear$BlockRealMatrix#getNorm():618;0.0
org.apache.commons.math.linear$BlockRealMatrix#getNorm():619;0.0
org.apache.commons.math.linear$BlockRealMatrix#getNorm():621;0.0
org.apache.commons.math.linear$BlockRealMatrix#getNorm():624;0.0
org.apache.commons.math.linear$BlockRealMatrix#getNorm():625;0.0
org.apache.commons.math.linear$BlockRealMatrix#getNorm():628;0.0
org.apache.commons.math.linear$BlockRealMatrix#getFrobeniusNorm():634;0.0
org.apache.commons.math.linear$BlockRealMatrix#getFrobeniusNorm():635;0.0
org.apache.commons.math.linear$BlockRealMatrix#getFrobeniusNorm():636;0.0
org.apache.commons.math.linear$BlockRealMatrix#getFrobeniusNorm():637;0.0
org.apache.commons.math.linear$BlockRealMatrix#getFrobeniusNorm():640;0.0
org.apache.commons.math.linear$BlockRealMatrix#getSubMatrix(int,int,int,int):648;0.0
org.apache.commons.math.linear$BlockRealMatrix#getSubMatrix(int,int,int,int):651;0.0
org.apache.commons.math.linear$BlockRealMatrix#getSubMatrix(int,int,int,int):655;0.0
org.apache.commons.math.linear$BlockRealMatrix#getSubMatrix(int,int,int,int):656;0.0
org.apache.commons.math.linear$BlockRealMatrix#getSubMatrix(int,int,int,int):657;0.0
org.apache.commons.math.linear$BlockRealMatrix#getSubMatrix(int,int,int,int):658;0.0
org.apache.commons.math.linear$BlockRealMatrix#getSubMatrix(int,int,int,int):661;0.0
org.apache.commons.math.linear$BlockRealMatrix#getSubMatrix(int,int,int,int):662;0.0
org.apache.commons.math.linear$BlockRealMatrix#getSubMatrix(int,int,int,int):663;0.0
org.apache.commons.math.linear$BlockRealMatrix#getSubMatrix(int,int,int,int):664;0.0
org.apache.commons.math.linear$BlockRealMatrix#getSubMatrix(int,int,int,int):665;0.0
org.apache.commons.math.linear$BlockRealMatrix#getSubMatrix(int,int,int,int):666;0.0
org.apache.commons.math.linear$BlockRealMatrix#getSubMatrix(int,int,int,int):669;0.0
org.apache.commons.math.linear$BlockRealMatrix#getSubMatrix(int,int,int,int):670;0.0
org.apache.commons.math.linear$BlockRealMatrix#getSubMatrix(int,int,int,int):671;0.0
org.apache.commons.math.linear$BlockRealMatrix#getSubMatrix(int,int,int,int):672;0.0
org.apache.commons.math.linear$BlockRealMatrix#getSubMatrix(int,int,int,int):674;0.0
org.apache.commons.math.linear$BlockRealMatrix#getSubMatrix(int,int,int,int):675;0.0
org.apache.commons.math.linear$BlockRealMatrix#getSubMatrix(int,int,int,int):676;0.0
org.apache.commons.math.linear$BlockRealMatrix#getSubMatrix(int,int,int,int):678;0.0
org.apache.commons.math.linear$BlockRealMatrix#getSubMatrix(int,int,int,int):680;0.0
org.apache.commons.math.linear$BlockRealMatrix#getSubMatrix(int,int,int,int):681;0.0
org.apache.commons.math.linear$BlockRealMatrix#getSubMatrix(int,int,int,int):685;0.0
org.apache.commons.math.linear$BlockRealMatrix#getSubMatrix(int,int,int,int):689;0.0
org.apache.commons.math.linear$BlockRealMatrix#getSubMatrix(int,int,int,int):693;0.0
org.apache.commons.math.linear$BlockRealMatrix#getSubMatrix(int,int,int,int):697;0.0
org.apache.commons.math.linear$BlockRealMatrix#getSubMatrix(int,int,int,int):699;0.0
org.apache.commons.math.linear$BlockRealMatrix#getSubMatrix(int,int,int,int):703;0.0
org.apache.commons.math.linear$BlockRealMatrix#getSubMatrix(int,int,int,int):710;0.0
org.apache.commons.math.linear$BlockRealMatrix#getSubMatrix(int,int,int,int):712;0.0
org.apache.commons.math.linear$BlockRealMatrix#getSubMatrix(int,int,int,int):713;0.0
org.apache.commons.math.linear$BlockRealMatrix#getSubMatrix(int,int,int,int):717;0.0
org.apache.commons.math.linear$BlockRealMatrix#getSubMatrix(int,int,int,int):721;0.0
org.apache.commons.math.linear$BlockRealMatrix#getSubMatrix(int,int,int,int):723;0.0
org.apache.commons.math.linear$BlockRealMatrix#getSubMatrix(int,int,int,int):729;0.0
org.apache.commons.math.linear$BlockRealMatrix#getSubMatrix(int,int,int,int):731;0.0
org.apache.commons.math.linear$BlockRealMatrix#getSubMatrix(int,int,int,int):734;0.0
org.apache.commons.math.linear$BlockRealMatrix#copyBlockPart(double[],int,int,int,int,int,double[],int,int,int):757;0.0
org.apache.commons.math.linear$BlockRealMatrix#copyBlockPart(double[],int,int,int,int,int,double[],int,int,int):758;0.0
org.apache.commons.math.linear$BlockRealMatrix#copyBlockPart(double[],int,int,int,int,int,double[],int,int,int):759;0.0
org.apache.commons.math.linear$BlockRealMatrix#copyBlockPart(double[],int,int,int,int,int,double[],int,int,int):760;0.0
org.apache.commons.math.linear$BlockRealMatrix#copyBlockPart(double[],int,int,int,int,int,double[],int,int,int):761;0.0
org.apache.commons.math.linear$BlockRealMatrix#copyBlockPart(double[],int,int,int,int,int,double[],int,int,int):762;0.0
org.apache.commons.math.linear$BlockRealMatrix#copyBlockPart(double[],int,int,int,int,int,double[],int,int,int):763;0.0
org.apache.commons.math.linear$BlockRealMatrix#copyBlockPart(double[],int,int,int,int,int,double[],int,int,int):765;0.0
org.apache.commons.math.linear$BlockRealMatrix#setSubMatrix(double[][],int,int):772;0.0
org.apache.commons.math.linear$BlockRealMatrix#setSubMatrix(double[][],int,int):773;0.0
org.apache.commons.math.linear$BlockRealMatrix#setSubMatrix(double[][],int,int):774;0.0
org.apache.commons.math.linear$BlockRealMatrix#setSubMatrix(double[][],int,int):775;0.0
org.apache.commons.math.linear$BlockRealMatrix#setSubMatrix(double[][],int,int):777;0.0
org.apache.commons.math.linear$BlockRealMatrix#setSubMatrix(double[][],int,int):778;0.0
org.apache.commons.math.linear$BlockRealMatrix#setSubMatrix(double[][],int,int):779;0.0
org.apache.commons.math.linear$BlockRealMatrix#setSubMatrix(double[][],int,int):780;0.0
org.apache.commons.math.linear$BlockRealMatrix#setSubMatrix(double[][],int,int):781;0.0
org.apache.commons.math.linear$BlockRealMatrix#setSubMatrix(double[][],int,int):782;0.0
org.apache.commons.math.linear$BlockRealMatrix#setSubMatrix(double[][],int,int):787;0.0
org.apache.commons.math.linear$BlockRealMatrix#setSubMatrix(double[][],int,int):788;0.0
org.apache.commons.math.linear$BlockRealMatrix#setSubMatrix(double[][],int,int):789;0.0
org.apache.commons.math.linear$BlockRealMatrix#setSubMatrix(double[][],int,int):790;0.0
org.apache.commons.math.linear$BlockRealMatrix#setSubMatrix(double[][],int,int):793;0.0
org.apache.commons.math.linear$BlockRealMatrix#setSubMatrix(double[][],int,int):794;0.0
org.apache.commons.math.linear$BlockRealMatrix#setSubMatrix(double[][],int,int):795;0.0
org.apache.commons.math.linear$BlockRealMatrix#setSubMatrix(double[][],int,int):796;0.0
org.apache.commons.math.linear$BlockRealMatrix#setSubMatrix(double[][],int,int):797;0.0
org.apache.commons.math.linear$BlockRealMatrix#setSubMatrix(double[][],int,int):799;0.0
org.apache.commons.math.linear$BlockRealMatrix#setSubMatrix(double[][],int,int):800;0.0
org.apache.commons.math.linear$BlockRealMatrix#setSubMatrix(double[][],int,int):801;0.0
org.apache.commons.math.linear$BlockRealMatrix#setSubMatrix(double[][],int,int):802;0.0
org.apache.commons.math.linear$BlockRealMatrix#setSubMatrix(double[][],int,int):803;0.0
org.apache.commons.math.linear$BlockRealMatrix#setSubMatrix(double[][],int,int):804;0.0
org.apache.commons.math.linear$BlockRealMatrix#setSubMatrix(double[][],int,int):807;0.0
org.apache.commons.math.linear$BlockRealMatrix#setSubMatrix(double[][],int,int):808;0.0
org.apache.commons.math.linear$BlockRealMatrix#setSubMatrix(double[][],int,int):809;0.0
org.apache.commons.math.linear$BlockRealMatrix#setSubMatrix(double[][],int,int):816;0.0
org.apache.commons.math.linear$BlockRealMatrix#getRowMatrix(int):821;0.0
org.apache.commons.math.linear$BlockRealMatrix#getRowMatrix(int):822;0.0
org.apache.commons.math.linear$BlockRealMatrix#getRowMatrix(int):825;0.0
org.apache.commons.math.linear$BlockRealMatrix#getRowMatrix(int):826;0.0
org.apache.commons.math.linear$BlockRealMatrix#getRowMatrix(int):827;0.0
org.apache.commons.math.linear$BlockRealMatrix#getRowMatrix(int):828;0.0
org.apache.commons.math.linear$BlockRealMatrix#getRowMatrix(int):829;0.0
org.apache.commons.math.linear$BlockRealMatrix#getRowMatrix(int):830;0.0
org.apache.commons.math.linear$BlockRealMatrix#getRowMatrix(int):831;0.0
org.apache.commons.math.linear$BlockRealMatrix#getRowMatrix(int):832;0.0
org.apache.commons.math.linear$BlockRealMatrix#getRowMatrix(int):833;0.0
org.apache.commons.math.linear$BlockRealMatrix#getRowMatrix(int):834;0.0
org.apache.commons.math.linear$BlockRealMatrix#getRowMatrix(int):835;0.0
org.apache.commons.math.linear$BlockRealMatrix#getRowMatrix(int):836;0.0
org.apache.commons.math.linear$BlockRealMatrix#getRowMatrix(int):837;0.0
org.apache.commons.math.linear$BlockRealMatrix#getRowMatrix(int):838;0.0
org.apache.commons.math.linear$BlockRealMatrix#getRowMatrix(int):840;0.0
org.apache.commons.math.linear$BlockRealMatrix#getRowMatrix(int):841;0.0
org.apache.commons.math.linear$BlockRealMatrix#getRowMatrix(int):845;0.0
org.apache.commons.math.linear$BlockRealMatrix#setRowMatrix(int,org.apache.commons.math.linear.RealMatrix):852;0.0
org.apache.commons.math.linear$BlockRealMatrix#setRowMatrix(int,org.apache.commons.math.linear.RealMatrix):855;0.0
org.apache.commons.math.linear$BlockRealMatrix#setRowMatrix(int,org.apache.commons.math.linear.RealMatrix):853;0.0
org.apache.commons.math.linear$BlockRealMatrix#setRowMatrix(int,org.apache.commons.math.linear.RealMatrix):854;0.0
org.apache.commons.math.linear$BlockRealMatrix#setRowMatrix(int,org.apache.commons.math.linear.RealMatrix):856;0.0
org.apache.commons.math.linear$BlockRealMatrix#setRowMatrix(int,org.apache.commons.math.linear.BlockRealMatrix):871;0.0
org.apache.commons.math.linear$BlockRealMatrix#setRowMatrix(int,org.apache.commons.math.linear.BlockRealMatrix):872;0.0
org.apache.commons.math.linear$BlockRealMatrix#setRowMatrix(int,org.apache.commons.math.linear.BlockRealMatrix):873;0.0
org.apache.commons.math.linear$BlockRealMatrix#setRowMatrix(int,org.apache.commons.math.linear.BlockRealMatrix):875;0.0
org.apache.commons.math.linear$BlockRealMatrix#setRowMatrix(int,org.apache.commons.math.linear.BlockRealMatrix):881;0.0
org.apache.commons.math.linear$BlockRealMatrix#setRowMatrix(int,org.apache.commons.math.linear.BlockRealMatrix):882;0.0
org.apache.commons.math.linear$BlockRealMatrix#setRowMatrix(int,org.apache.commons.math.linear.BlockRealMatrix):883;0.0
org.apache.commons.math.linear$BlockRealMatrix#setRowMatrix(int,org.apache.commons.math.linear.BlockRealMatrix):884;0.0
org.apache.commons.math.linear$BlockRealMatrix#setRowMatrix(int,org.apache.commons.math.linear.BlockRealMatrix):885;0.0
org.apache.commons.math.linear$BlockRealMatrix#setRowMatrix(int,org.apache.commons.math.linear.BlockRealMatrix):886;0.0
org.apache.commons.math.linear$BlockRealMatrix#setRowMatrix(int,org.apache.commons.math.linear.BlockRealMatrix):887;0.0
org.apache.commons.math.linear$BlockRealMatrix#setRowMatrix(int,org.apache.commons.math.linear.BlockRealMatrix):888;0.0
org.apache.commons.math.linear$BlockRealMatrix#setRowMatrix(int,org.apache.commons.math.linear.BlockRealMatrix):889;0.0
org.apache.commons.math.linear$BlockRealMatrix#setRowMatrix(int,org.apache.commons.math.linear.BlockRealMatrix):890;0.0
org.apache.commons.math.linear$BlockRealMatrix#setRowMatrix(int,org.apache.commons.math.linear.BlockRealMatrix):891;0.0
org.apache.commons.math.linear$BlockRealMatrix#setRowMatrix(int,org.apache.commons.math.linear.BlockRealMatrix):892;0.0
org.apache.commons.math.linear$BlockRealMatrix#setRowMatrix(int,org.apache.commons.math.linear.BlockRealMatrix):893;0.0
org.apache.commons.math.linear$BlockRealMatrix#setRowMatrix(int,org.apache.commons.math.linear.BlockRealMatrix):894;0.0
org.apache.commons.math.linear$BlockRealMatrix#setRowMatrix(int,org.apache.commons.math.linear.BlockRealMatrix):896;0.0
org.apache.commons.math.linear$BlockRealMatrix#setRowMatrix(int,org.apache.commons.math.linear.BlockRealMatrix):897;0.0
org.apache.commons.math.linear$BlockRealMatrix#setRowMatrix(int,org.apache.commons.math.linear.BlockRealMatrix):900;0.0
org.apache.commons.math.linear$BlockRealMatrix#getColumnMatrix(int):905;0.0
org.apache.commons.math.linear$BlockRealMatrix#getColumnMatrix(int):906;0.0
org.apache.commons.math.linear$BlockRealMatrix#getColumnMatrix(int):909;0.0
org.apache.commons.math.linear$BlockRealMatrix#getColumnMatrix(int):910;0.0
org.apache.commons.math.linear$BlockRealMatrix#getColumnMatrix(int):911;0.0
org.apache.commons.math.linear$BlockRealMatrix#getColumnMatrix(int):912;0.0
org.apache.commons.math.linear$BlockRealMatrix#getColumnMatrix(int):913;0.0
org.apache.commons.math.linear$BlockRealMatrix#getColumnMatrix(int):914;0.0
org.apache.commons.math.linear$BlockRealMatrix#getColumnMatrix(int):915;0.0
org.apache.commons.math.linear$BlockRealMatrix#getColumnMatrix(int):916;0.0
org.apache.commons.math.linear$BlockRealMatrix#getColumnMatrix(int):917;0.0
org.apache.commons.math.linear$BlockRealMatrix#getColumnMatrix(int):918;0.0
org.apache.commons.math.linear$BlockRealMatrix#getColumnMatrix(int):919;0.0
org.apache.commons.math.linear$BlockRealMatrix#getColumnMatrix(int):920;0.0
org.apache.commons.math.linear$BlockRealMatrix#getColumnMatrix(int):921;0.0
org.apache.commons.math.linear$BlockRealMatrix#getColumnMatrix(int):923;0.0
org.apache.commons.math.linear$BlockRealMatrix#getColumnMatrix(int):927;0.0
org.apache.commons.math.linear$BlockRealMatrix#setColumnMatrix(int,org.apache.commons.math.linear.RealMatrix):934;0.0
org.apache.commons.math.linear$BlockRealMatrix#setColumnMatrix(int,org.apache.commons.math.linear.RealMatrix):937;0.0
org.apache.commons.math.linear$BlockRealMatrix#setColumnMatrix(int,org.apache.commons.math.linear.RealMatrix):935;0.0
org.apache.commons.math.linear$BlockRealMatrix#setColumnMatrix(int,org.apache.commons.math.linear.RealMatrix):936;0.0
org.apache.commons.math.linear$BlockRealMatrix#setColumnMatrix(int,org.apache.commons.math.linear.RealMatrix):938;0.0
org.apache.commons.math.linear$BlockRealMatrix#setColumnMatrix(int,org.apache.commons.math.linear.BlockRealMatrix):953;0.0
org.apache.commons.math.linear$BlockRealMatrix#setColumnMatrix(int,org.apache.commons.math.linear.BlockRealMatrix):954;0.0
org.apache.commons.math.linear$BlockRealMatrix#setColumnMatrix(int,org.apache.commons.math.linear.BlockRealMatrix):955;0.0
org.apache.commons.math.linear$BlockRealMatrix#setColumnMatrix(int,org.apache.commons.math.linear.BlockRealMatrix):957;0.0
org.apache.commons.math.linear$BlockRealMatrix#setColumnMatrix(int,org.apache.commons.math.linear.BlockRealMatrix):963;0.0
org.apache.commons.math.linear$BlockRealMatrix#setColumnMatrix(int,org.apache.commons.math.linear.BlockRealMatrix):964;0.0
org.apache.commons.math.linear$BlockRealMatrix#setColumnMatrix(int,org.apache.commons.math.linear.BlockRealMatrix):965;0.0
org.apache.commons.math.linear$BlockRealMatrix#setColumnMatrix(int,org.apache.commons.math.linear.BlockRealMatrix):966;0.0
org.apache.commons.math.linear$BlockRealMatrix#setColumnMatrix(int,org.apache.commons.math.linear.BlockRealMatrix):967;0.0
org.apache.commons.math.linear$BlockRealMatrix#setColumnMatrix(int,org.apache.commons.math.linear.BlockRealMatrix):968;0.0
org.apache.commons.math.linear$BlockRealMatrix#setColumnMatrix(int,org.apache.commons.math.linear.BlockRealMatrix):969;0.0
org.apache.commons.math.linear$BlockRealMatrix#setColumnMatrix(int,org.apache.commons.math.linear.BlockRealMatrix):970;0.0
org.apache.commons.math.linear$BlockRealMatrix#setColumnMatrix(int,org.apache.commons.math.linear.BlockRealMatrix):971;0.0
org.apache.commons.math.linear$BlockRealMatrix#setColumnMatrix(int,org.apache.commons.math.linear.BlockRealMatrix):972;0.0
org.apache.commons.math.linear$BlockRealMatrix#setColumnMatrix(int,org.apache.commons.math.linear.BlockRealMatrix):973;0.0
org.apache.commons.math.linear$BlockRealMatrix#setColumnMatrix(int,org.apache.commons.math.linear.BlockRealMatrix):974;0.0
org.apache.commons.math.linear$BlockRealMatrix#setColumnMatrix(int,org.apache.commons.math.linear.BlockRealMatrix):975;0.0
org.apache.commons.math.linear$BlockRealMatrix#setColumnMatrix(int,org.apache.commons.math.linear.BlockRealMatrix):977;0.0
org.apache.commons.math.linear$BlockRealMatrix#setColumnMatrix(int,org.apache.commons.math.linear.BlockRealMatrix):980;0.0
org.apache.commons.math.linear$BlockRealMatrix#getRowVector(int):985;0.0
org.apache.commons.math.linear$BlockRealMatrix#getRowVector(int):986;0.0
org.apache.commons.math.linear$BlockRealMatrix#getRowVector(int):989;0.0
org.apache.commons.math.linear$BlockRealMatrix#getRowVector(int):990;0.0
org.apache.commons.math.linear$BlockRealMatrix#getRowVector(int):991;0.0
org.apache.commons.math.linear$BlockRealMatrix#getRowVector(int):992;0.0
org.apache.commons.math.linear$BlockRealMatrix#getRowVector(int):993;0.0
org.apache.commons.math.linear$BlockRealMatrix#getRowVector(int):994;0.0
org.apache.commons.math.linear$BlockRealMatrix#getRowVector(int):995;0.0
org.apache.commons.math.linear$BlockRealMatrix#getRowVector(int):996;0.0
org.apache.commons.math.linear$BlockRealMatrix#getRowVector(int):999;0.0
org.apache.commons.math.linear$BlockRealMatrix#setRowVector(int,org.apache.commons.math.linear.RealVector):1006;0.0
org.apache.commons.math.linear$BlockRealMatrix#setRowVector(int,org.apache.commons.math.linear.RealVector):1009;0.0
org.apache.commons.math.linear$BlockRealMatrix#setRowVector(int,org.apache.commons.math.linear.RealVector):1007;0.0
org.apache.commons.math.linear$BlockRealMatrix#setRowVector(int,org.apache.commons.math.linear.RealVector):1008;0.0
org.apache.commons.math.linear$BlockRealMatrix#setRowVector(int,org.apache.commons.math.linear.RealVector):1010;0.0
org.apache.commons.math.linear$BlockRealMatrix#getColumnVector(int):1015;0.0
org.apache.commons.math.linear$BlockRealMatrix#getColumnVector(int):1016;0.0
org.apache.commons.math.linear$BlockRealMatrix#getColumnVector(int):1019;0.0
org.apache.commons.math.linear$BlockRealMatrix#getColumnVector(int):1020;0.0
org.apache.commons.math.linear$BlockRealMatrix#getColumnVector(int):1021;0.0
org.apache.commons.math.linear$BlockRealMatrix#getColumnVector(int):1022;0.0
org.apache.commons.math.linear$BlockRealMatrix#getColumnVector(int):1023;0.0
org.apache.commons.math.linear$BlockRealMatrix#getColumnVector(int):1024;0.0
org.apache.commons.math.linear$BlockRealMatrix#getColumnVector(int):1025;0.0
org.apache.commons.math.linear$BlockRealMatrix#getColumnVector(int):1026;0.0
org.apache.commons.math.linear$BlockRealMatrix#getColumnVector(int):1027;0.0
org.apache.commons.math.linear$BlockRealMatrix#getColumnVector(int):1031;0.0
org.apache.commons.math.linear$BlockRealMatrix#setColumnVector(int,org.apache.commons.math.linear.RealVector):1038;0.0
org.apache.commons.math.linear$BlockRealMatrix#setColumnVector(int,org.apache.commons.math.linear.RealVector):1041;0.0
org.apache.commons.math.linear$BlockRealMatrix#setColumnVector(int,org.apache.commons.math.linear.RealVector):1039;0.0
org.apache.commons.math.linear$BlockRealMatrix#setColumnVector(int,org.apache.commons.math.linear.RealVector):1040;0.0
org.apache.commons.math.linear$BlockRealMatrix#setColumnVector(int,org.apache.commons.math.linear.RealVector):1042;0.0
org.apache.commons.math.linear$BlockRealMatrix#getRow(int):1047;0.0
org.apache.commons.math.linear$BlockRealMatrix#getRow(int):1048;0.0
org.apache.commons.math.linear$BlockRealMatrix#getRow(int):1051;0.0
org.apache.commons.math.linear$BlockRealMatrix#getRow(int):1052;0.0
org.apache.commons.math.linear$BlockRealMatrix#getRow(int):1053;0.0
org.apache.commons.math.linear$BlockRealMatrix#getRow(int):1054;0.0
org.apache.commons.math.linear$BlockRealMatrix#getRow(int):1055;0.0
org.apache.commons.math.linear$BlockRealMatrix#getRow(int):1056;0.0
org.apache.commons.math.linear$BlockRealMatrix#getRow(int):1057;0.0
org.apache.commons.math.linear$BlockRealMatrix#getRow(int):1058;0.0
org.apache.commons.math.linear$BlockRealMatrix#getRow(int):1061;0.0
org.apache.commons.math.linear$BlockRealMatrix#setRow(int,double[]):1067;0.0
org.apache.commons.math.linear$BlockRealMatrix#setRow(int,double[]):1068;0.0
org.apache.commons.math.linear$BlockRealMatrix#setRow(int,double[]):1069;0.0
org.apache.commons.math.linear$BlockRealMatrix#setRow(int,double[]):1070;0.0
org.apache.commons.math.linear$BlockRealMatrix#setRow(int,double[]):1074;0.0
org.apache.commons.math.linear$BlockRealMatrix#setRow(int,double[]):1075;0.0
org.apache.commons.math.linear$BlockRealMatrix#setRow(int,double[]):1076;0.0
org.apache.commons.math.linear$BlockRealMatrix#setRow(int,double[]):1077;0.0
org.apache.commons.math.linear$BlockRealMatrix#setRow(int,double[]):1078;0.0
org.apache.commons.math.linear$BlockRealMatrix#setRow(int,double[]):1079;0.0
org.apache.commons.math.linear$BlockRealMatrix#setRow(int,double[]):1080;0.0
org.apache.commons.math.linear$BlockRealMatrix#setRow(int,double[]):1081;0.0
org.apache.commons.math.linear$BlockRealMatrix#setRow(int,double[]):1083;0.0
org.apache.commons.math.linear$BlockRealMatrix#getColumn(int):1088;0.0
org.apache.commons.math.linear$BlockRealMatrix#getColumn(int):1089;0.0
org.apache.commons.math.linear$BlockRealMatrix#getColumn(int):1092;0.0
org.apache.commons.math.linear$BlockRealMatrix#getColumn(int):1093;0.0
org.apache.commons.math.linear$BlockRealMatrix#getColumn(int):1094;0.0
org.apache.commons.math.linear$BlockRealMatrix#getColumn(int):1095;0.0
org.apache.commons.math.linear$BlockRealMatrix#getColumn(int):1096;0.0
org.apache.commons.math.linear$BlockRealMatrix#getColumn(int):1097;0.0
org.apache.commons.math.linear$BlockRealMatrix#getColumn(int):1098;0.0
org.apache.commons.math.linear$BlockRealMatrix#getColumn(int):1099;0.0
org.apache.commons.math.linear$BlockRealMatrix#getColumn(int):1100;0.0
org.apache.commons.math.linear$BlockRealMatrix#getColumn(int):1104;0.0
org.apache.commons.math.linear$BlockRealMatrix#setColumn(int,double[]):1110;0.0
org.apache.commons.math.linear$BlockRealMatrix#setColumn(int,double[]):1111;0.0
org.apache.commons.math.linear$BlockRealMatrix#setColumn(int,double[]):1112;0.0
org.apache.commons.math.linear$BlockRealMatrix#setColumn(int,double[]):1113;0.0
org.apache.commons.math.linear$BlockRealMatrix#setColumn(int,double[]):1117;0.0
org.apache.commons.math.linear$BlockRealMatrix#setColumn(int,double[]):1118;0.0
org.apache.commons.math.linear$BlockRealMatrix#setColumn(int,double[]):1119;0.0
org.apache.commons.math.linear$BlockRealMatrix#setColumn(int,double[]):1120;0.0
org.apache.commons.math.linear$BlockRealMatrix#setColumn(int,double[]):1121;0.0
org.apache.commons.math.linear$BlockRealMatrix#setColumn(int,double[]):1122;0.0
org.apache.commons.math.linear$BlockRealMatrix#setColumn(int,double[]):1123;0.0
org.apache.commons.math.linear$BlockRealMatrix#setColumn(int,double[]):1124;0.0
org.apache.commons.math.linear$BlockRealMatrix#setColumn(int,double[]):1125;0.0
org.apache.commons.math.linear$BlockRealMatrix#setColumn(int,double[]):1128;0.0
org.apache.commons.math.linear$BlockRealMatrix#getEntry(int,int):1133;0.0
org.apache.commons.math.linear$BlockRealMatrix#getEntry(int,int):1134;0.0
org.apache.commons.math.linear$BlockRealMatrix#getEntry(int,int):1135;0.0
org.apache.commons.math.linear$BlockRealMatrix#getEntry(int,int):1136;0.0
org.apache.commons.math.linear$BlockRealMatrix#getEntry(int,int):1138;0.0
org.apache.commons.math.linear$BlockRealMatrix#setEntry(int,int,double):1144;0.0
org.apache.commons.math.linear$BlockRealMatrix#setEntry(int,int,double):1145;0.0
org.apache.commons.math.linear$BlockRealMatrix#setEntry(int,int,double):1146;0.0
org.apache.commons.math.linear$BlockRealMatrix#setEntry(int,int,double):1147;0.0
org.apache.commons.math.linear$BlockRealMatrix#setEntry(int,int,double):1149;0.0
org.apache.commons.math.linear$BlockRealMatrix#setEntry(int,int,double):1150;0.0
org.apache.commons.math.linear$BlockRealMatrix#addToEntry(int,int,double):1155;0.0
org.apache.commons.math.linear$BlockRealMatrix#addToEntry(int,int,double):1156;0.0
org.apache.commons.math.linear$BlockRealMatrix#addToEntry(int,int,double):1157;0.0
org.apache.commons.math.linear$BlockRealMatrix#addToEntry(int,int,double):1158;0.0
org.apache.commons.math.linear$BlockRealMatrix#addToEntry(int,int,double):1160;0.0
org.apache.commons.math.linear$BlockRealMatrix#addToEntry(int,int,double):1161;0.0
org.apache.commons.math.linear$BlockRealMatrix#multiplyEntry(int,int,double):1166;0.0
org.apache.commons.math.linear$BlockRealMatrix#multiplyEntry(int,int,double):1167;0.0
org.apache.commons.math.linear$BlockRealMatrix#multiplyEntry(int,int,double):1168;0.0
org.apache.commons.math.linear$BlockRealMatrix#multiplyEntry(int,int,double):1169;0.0
org.apache.commons.math.linear$BlockRealMatrix#multiplyEntry(int,int,double):1171;0.0
org.apache.commons.math.linear$BlockRealMatrix#multiplyEntry(int,int,double):1172;0.0
org.apache.commons.math.linear$BlockRealMatrix#transpose():1177;0.0
org.apache.commons.math.linear$BlockRealMatrix#transpose():1178;0.0
org.apache.commons.math.linear$BlockRealMatrix#transpose():1179;0.0
org.apache.commons.math.linear$BlockRealMatrix#transpose():1182;0.0
org.apache.commons.math.linear$BlockRealMatrix#transpose():1183;0.0
org.apache.commons.math.linear$BlockRealMatrix#transpose():1184;0.0
org.apache.commons.math.linear$BlockRealMatrix#transpose():1186;0.0
org.apache.commons.math.linear$BlockRealMatrix#transpose():1187;0.0
org.apache.commons.math.linear$BlockRealMatrix#transpose():1188;0.0
org.apache.commons.math.linear$BlockRealMatrix#transpose():1189;0.0
org.apache.commons.math.linear$BlockRealMatrix#transpose():1190;0.0
org.apache.commons.math.linear$BlockRealMatrix#transpose():1191;0.0
org.apache.commons.math.linear$BlockRealMatrix#transpose():1192;0.0
org.apache.commons.math.linear$BlockRealMatrix#transpose():1193;0.0
org.apache.commons.math.linear$BlockRealMatrix#transpose():1194;0.0
org.apache.commons.math.linear$BlockRealMatrix#transpose():1195;0.0
org.apache.commons.math.linear$BlockRealMatrix#transpose():1196;0.0
org.apache.commons.math.linear$BlockRealMatrix#transpose():1197;0.0
org.apache.commons.math.linear$BlockRealMatrix#transpose():1198;0.0
org.apache.commons.math.linear$BlockRealMatrix#transpose():1199;0.0
org.apache.commons.math.linear$BlockRealMatrix#transpose():1203;0.0
org.apache.commons.math.linear$BlockRealMatrix#transpose():1207;0.0
org.apache.commons.math.linear$BlockRealMatrix#getRowDimension():1213;0.0
org.apache.commons.math.linear$BlockRealMatrix#getColumnDimension():1219;0.0
org.apache.commons.math.linear$BlockRealMatrix#operate(double[]):1225;0.0
org.apache.commons.math.linear$BlockRealMatrix#operate(double[]):1226;0.0
org.apache.commons.math.linear$BlockRealMatrix#operate(double[]):1228;0.0
org.apache.commons.math.linear$BlockRealMatrix#operate(double[]):1231;0.0
org.apache.commons.math.linear$BlockRealMatrix#operate(double[]):1232;0.0
org.apache.commons.math.linear$BlockRealMatrix#operate(double[]):1233;0.0
org.apache.commons.math.linear$BlockRealMatrix#operate(double[]):1234;0.0
org.apache.commons.math.linear$BlockRealMatrix#operate(double[]):1235;0.0
org.apache.commons.math.linear$BlockRealMatrix#operate(double[]):1236;0.0
org.apache.commons.math.linear$BlockRealMatrix#operate(double[]):1237;0.0
org.apache.commons.math.linear$BlockRealMatrix#operate(double[]):1238;0.0
org.apache.commons.math.linear$BlockRealMatrix#operate(double[]):1239;0.0
org.apache.commons.math.linear$BlockRealMatrix#operate(double[]):1240;0.0
org.apache.commons.math.linear$BlockRealMatrix#operate(double[]):1241;0.0
org.apache.commons.math.linear$BlockRealMatrix#operate(double[]):1242;0.0
org.apache.commons.math.linear$BlockRealMatrix#operate(double[]):1243;0.0
org.apache.commons.math.linear$BlockRealMatrix#operate(double[]):1247;0.0
org.apache.commons.math.linear$BlockRealMatrix#operate(double[]):1248;0.0
org.apache.commons.math.linear$BlockRealMatrix#operate(double[]):1250;0.0
org.apache.commons.math.linear$BlockRealMatrix#operate(double[]):1251;0.0
org.apache.commons.math.linear$BlockRealMatrix#operate(double[]):1253;0.0
org.apache.commons.math.linear$BlockRealMatrix#operate(double[]):1258;0.0
org.apache.commons.math.linear$BlockRealMatrix#preMultiply(double[]):1264;0.0
org.apache.commons.math.linear$BlockRealMatrix#preMultiply(double[]):1265;0.0
org.apache.commons.math.linear$BlockRealMatrix#preMultiply(double[]):1267;0.0
org.apache.commons.math.linear$BlockRealMatrix#preMultiply(double[]):1270;0.0
org.apache.commons.math.linear$BlockRealMatrix#preMultiply(double[]):1271;0.0
org.apache.commons.math.linear$BlockRealMatrix#preMultiply(double[]):1272;0.0
org.apache.commons.math.linear$BlockRealMatrix#preMultiply(double[]):1273;0.0
org.apache.commons.math.linear$BlockRealMatrix#preMultiply(double[]):1274;0.0
org.apache.commons.math.linear$BlockRealMatrix#preMultiply(double[]):1275;0.0
org.apache.commons.math.linear$BlockRealMatrix#preMultiply(double[]):1276;0.0
org.apache.commons.math.linear$BlockRealMatrix#preMultiply(double[]):1277;0.0
org.apache.commons.math.linear$BlockRealMatrix#preMultiply(double[]):1278;0.0
org.apache.commons.math.linear$BlockRealMatrix#preMultiply(double[]):1279;0.0
org.apache.commons.math.linear$BlockRealMatrix#preMultiply(double[]):1280;0.0
org.apache.commons.math.linear$BlockRealMatrix#preMultiply(double[]):1281;0.0
org.apache.commons.math.linear$BlockRealMatrix#preMultiply(double[]):1282;0.0
org.apache.commons.math.linear$BlockRealMatrix#preMultiply(double[]):1283;0.0
org.apache.commons.math.linear$BlockRealMatrix#preMultiply(double[]):1284;0.0
org.apache.commons.math.linear$BlockRealMatrix#preMultiply(double[]):1285;0.0
org.apache.commons.math.linear$BlockRealMatrix#preMultiply(double[]):1286;0.0
org.apache.commons.math.linear$BlockRealMatrix#preMultiply(double[]):1290;0.0
org.apache.commons.math.linear$BlockRealMatrix#preMultiply(double[]):1291;0.0
org.apache.commons.math.linear$BlockRealMatrix#preMultiply(double[]):1293;0.0
org.apache.commons.math.linear$BlockRealMatrix#preMultiply(double[]):1294;0.0
org.apache.commons.math.linear$BlockRealMatrix#preMultiply(double[]):1295;0.0
org.apache.commons.math.linear$BlockRealMatrix#preMultiply(double[]):1297;0.0
org.apache.commons.math.linear$BlockRealMatrix#preMultiply(double[]):1302;0.0
org.apache.commons.math.linear$BlockRealMatrix#walkInRowOrder(org.apache.commons.math.linear.RealMatrixChangingVisitor):1308;0.0
org.apache.commons.math.linear$BlockRealMatrix#walkInRowOrder(org.apache.commons.math.linear.RealMatrixChangingVisitor):1309;0.0
org.apache.commons.math.linear$BlockRealMatrix#walkInRowOrder(org.apache.commons.math.linear.RealMatrixChangingVisitor):1310;0.0
org.apache.commons.math.linear$BlockRealMatrix#walkInRowOrder(org.apache.commons.math.linear.RealMatrixChangingVisitor):1311;0.0
org.apache.commons.math.linear$BlockRealMatrix#walkInRowOrder(org.apache.commons.math.linear.RealMatrixChangingVisitor):1312;0.0
org.apache.commons.math.linear$BlockRealMatrix#walkInRowOrder(org.apache.commons.math.linear.RealMatrixChangingVisitor):1313;0.0
org.apache.commons.math.linear$BlockRealMatrix#walkInRowOrder(org.apache.commons.math.linear.RealMatrixChangingVisitor):1314;0.0
org.apache.commons.math.linear$BlockRealMatrix#walkInRowOrder(org.apache.commons.math.linear.RealMatrixChangingVisitor):1315;0.0
org.apache.commons.math.linear$BlockRealMatrix#walkInRowOrder(org.apache.commons.math.linear.RealMatrixChangingVisitor):1316;0.0
org.apache.commons.math.linear$BlockRealMatrix#walkInRowOrder(org.apache.commons.math.linear.RealMatrixChangingVisitor):1317;0.0
org.apache.commons.math.linear$BlockRealMatrix#walkInRowOrder(org.apache.commons.math.linear.RealMatrixChangingVisitor):1318;0.0
org.apache.commons.math.linear$BlockRealMatrix#walkInRowOrder(org.apache.commons.math.linear.RealMatrixChangingVisitor):1319;0.0
org.apache.commons.math.linear$BlockRealMatrix#walkInRowOrder(org.apache.commons.math.linear.RealMatrixChangingVisitor):1320;0.0
org.apache.commons.math.linear$BlockRealMatrix#walkInRowOrder(org.apache.commons.math.linear.RealMatrixChangingVisitor):1321;0.0
org.apache.commons.math.linear$BlockRealMatrix#walkInRowOrder(org.apache.commons.math.linear.RealMatrixChangingVisitor):1326;0.0
org.apache.commons.math.linear$BlockRealMatrix#walkInRowOrder(org.apache.commons.math.linear.RealMatrixPreservingVisitor):1332;0.0
org.apache.commons.math.linear$BlockRealMatrix#walkInRowOrder(org.apache.commons.math.linear.RealMatrixPreservingVisitor):1333;0.0
org.apache.commons.math.linear$BlockRealMatrix#walkInRowOrder(org.apache.commons.math.linear.RealMatrixPreservingVisitor):1334;0.0
org.apache.commons.math.linear$BlockRealMatrix#walkInRowOrder(org.apache.commons.math.linear.RealMatrixPreservingVisitor):1335;0.0
org.apache.commons.math.linear$BlockRealMatrix#walkInRowOrder(org.apache.commons.math.linear.RealMatrixPreservingVisitor):1336;0.0
org.apache.commons.math.linear$BlockRealMatrix#walkInRowOrder(org.apache.commons.math.linear.RealMatrixPreservingVisitor):1337;0.0
org.apache.commons.math.linear$BlockRealMatrix#walkInRowOrder(org.apache.commons.math.linear.RealMatrixPreservingVisitor):1338;0.0
org.apache.commons.math.linear$BlockRealMatrix#walkInRowOrder(org.apache.commons.math.linear.RealMatrixPreservingVisitor):1339;0.0
org.apache.commons.math.linear$BlockRealMatrix#walkInRowOrder(org.apache.commons.math.linear.RealMatrixPreservingVisitor):1340;0.0
org.apache.commons.math.linear$BlockRealMatrix#walkInRowOrder(org.apache.commons.math.linear.RealMatrixPreservingVisitor):1341;0.0
org.apache.commons.math.linear$BlockRealMatrix#walkInRowOrder(org.apache.commons.math.linear.RealMatrixPreservingVisitor):1342;0.0
org.apache.commons.math.linear$BlockRealMatrix#walkInRowOrder(org.apache.commons.math.linear.RealMatrixPreservingVisitor):1343;0.0
org.apache.commons.math.linear$BlockRealMatrix#walkInRowOrder(org.apache.commons.math.linear.RealMatrixPreservingVisitor):1344;0.0
org.apache.commons.math.linear$BlockRealMatrix#walkInRowOrder(org.apache.commons.math.linear.RealMatrixPreservingVisitor):1345;0.0
org.apache.commons.math.linear$BlockRealMatrix#walkInRowOrder(org.apache.commons.math.linear.RealMatrixPreservingVisitor):1350;0.0
org.apache.commons.math.linear$BlockRealMatrix#walkInRowOrder(org.apache.commons.math.linear.RealMatrixChangingVisitor,int,int,int,int):1358;0.0
org.apache.commons.math.linear$BlockRealMatrix#walkInRowOrder(org.apache.commons.math.linear.RealMatrixChangingVisitor,int,int,int,int):1359;0.0
org.apache.commons.math.linear$BlockRealMatrix#walkInRowOrder(org.apache.commons.math.linear.RealMatrixChangingVisitor,int,int,int,int):1360;0.0
org.apache.commons.math.linear$BlockRealMatrix#walkInRowOrder(org.apache.commons.math.linear.RealMatrixChangingVisitor,int,int,int,int):1361;0.0
org.apache.commons.math.linear$BlockRealMatrix#walkInRowOrder(org.apache.commons.math.linear.RealMatrixChangingVisitor,int,int,int,int):1362;0.0
org.apache.commons.math.linear$BlockRealMatrix#walkInRowOrder(org.apache.commons.math.linear.RealMatrixChangingVisitor,int,int,int,int):1363;0.0
org.apache.commons.math.linear$BlockRealMatrix#walkInRowOrder(org.apache.commons.math.linear.RealMatrixChangingVisitor,int,int,int,int):1364;0.0
org.apache.commons.math.linear$BlockRealMatrix#walkInRowOrder(org.apache.commons.math.linear.RealMatrixChangingVisitor,int,int,int,int):1365;0.0
org.apache.commons.math.linear$BlockRealMatrix#walkInRowOrder(org.apache.commons.math.linear.RealMatrixChangingVisitor,int,int,int,int):1366;0.0
org.apache.commons.math.linear$BlockRealMatrix#walkInRowOrder(org.apache.commons.math.linear.RealMatrixChangingVisitor,int,int,int,int):1367;0.0
org.apache.commons.math.linear$BlockRealMatrix#walkInRowOrder(org.apache.commons.math.linear.RealMatrixChangingVisitor,int,int,int,int):1368;0.0
org.apache.commons.math.linear$BlockRealMatrix#walkInRowOrder(org.apache.commons.math.linear.RealMatrixChangingVisitor,int,int,int,int):1369;0.0
org.apache.commons.math.linear$BlockRealMatrix#walkInRowOrder(org.apache.commons.math.linear.RealMatrixChangingVisitor,int,int,int,int):1370;0.0
org.apache.commons.math.linear$BlockRealMatrix#walkInRowOrder(org.apache.commons.math.linear.RealMatrixChangingVisitor,int,int,int,int):1371;0.0
org.apache.commons.math.linear$BlockRealMatrix#walkInRowOrder(org.apache.commons.math.linear.RealMatrixChangingVisitor,int,int,int,int):1372;0.0
org.apache.commons.math.linear$BlockRealMatrix#walkInRowOrder(org.apache.commons.math.linear.RealMatrixChangingVisitor,int,int,int,int):1373;0.0
org.apache.commons.math.linear$BlockRealMatrix#walkInRowOrder(org.apache.commons.math.linear.RealMatrixChangingVisitor,int,int,int,int):1374;0.0
org.apache.commons.math.linear$BlockRealMatrix#walkInRowOrder(org.apache.commons.math.linear.RealMatrixChangingVisitor,int,int,int,int):1379;0.0
org.apache.commons.math.linear$BlockRealMatrix#walkInRowOrder(org.apache.commons.math.linear.RealMatrixPreservingVisitor,int,int,int,int):1387;0.0
org.apache.commons.math.linear$BlockRealMatrix#walkInRowOrder(org.apache.commons.math.linear.RealMatrixPreservingVisitor,int,int,int,int):1388;0.0
org.apache.commons.math.linear$BlockRealMatrix#walkInRowOrder(org.apache.commons.math.linear.RealMatrixPreservingVisitor,int,int,int,int):1389;0.0
org.apache.commons.math.linear$BlockRealMatrix#walkInRowOrder(org.apache.commons.math.linear.RealMatrixPreservingVisitor,int,int,int,int):1390;0.0
org.apache.commons.math.linear$BlockRealMatrix#walkInRowOrder(org.apache.commons.math.linear.RealMatrixPreservingVisitor,int,int,int,int):1391;0.0
org.apache.commons.math.linear$BlockRealMatrix#walkInRowOrder(org.apache.commons.math.linear.RealMatrixPreservingVisitor,int,int,int,int):1392;0.0
org.apache.commons.math.linear$BlockRealMatrix#walkInRowOrder(org.apache.commons.math.linear.RealMatrixPreservingVisitor,int,int,int,int):1393;0.0
org.apache.commons.math.linear$BlockRealMatrix#walkInRowOrder(org.apache.commons.math.linear.RealMatrixPreservingVisitor,int,int,int,int):1394;0.0
org.apache.commons.math.linear$BlockRealMatrix#walkInRowOrder(org.apache.commons.math.linear.RealMatrixPreservingVisitor,int,int,int,int):1395;0.0
org.apache.commons.math.linear$BlockRealMatrix#walkInRowOrder(org.apache.commons.math.linear.RealMatrixPreservingVisitor,int,int,int,int):1396;0.0
org.apache.commons.math.linear$BlockRealMatrix#walkInRowOrder(org.apache.commons.math.linear.RealMatrixPreservingVisitor,int,int,int,int):1397;0.0
org.apache.commons.math.linear$BlockRealMatrix#walkInRowOrder(org.apache.commons.math.linear.RealMatrixPreservingVisitor,int,int,int,int):1398;0.0
org.apache.commons.math.linear$BlockRealMatrix#walkInRowOrder(org.apache.commons.math.linear.RealMatrixPreservingVisitor,int,int,int,int):1399;0.0
org.apache.commons.math.linear$BlockRealMatrix#walkInRowOrder(org.apache.commons.math.linear.RealMatrixPreservingVisitor,int,int,int,int):1400;0.0
org.apache.commons.math.linear$BlockRealMatrix#walkInRowOrder(org.apache.commons.math.linear.RealMatrixPreservingVisitor,int,int,int,int):1401;0.0
org.apache.commons.math.linear$BlockRealMatrix#walkInRowOrder(org.apache.commons.math.linear.RealMatrixPreservingVisitor,int,int,int,int):1402;0.0
org.apache.commons.math.linear$BlockRealMatrix#walkInRowOrder(org.apache.commons.math.linear.RealMatrixPreservingVisitor,int,int,int,int):1403;0.0
org.apache.commons.math.linear$BlockRealMatrix#walkInRowOrder(org.apache.commons.math.linear.RealMatrixPreservingVisitor,int,int,int,int):1408;0.0
org.apache.commons.math.linear$BlockRealMatrix#walkInOptimizedOrder(org.apache.commons.math.linear.RealMatrixChangingVisitor):1414;0.0
org.apache.commons.math.linear$BlockRealMatrix#walkInOptimizedOrder(org.apache.commons.math.linear.RealMatrixChangingVisitor):1415;0.0
org.apache.commons.math.linear$BlockRealMatrix#walkInOptimizedOrder(org.apache.commons.math.linear.RealMatrixChangingVisitor):1416;0.0
org.apache.commons.math.linear$BlockRealMatrix#walkInOptimizedOrder(org.apache.commons.math.linear.RealMatrixChangingVisitor):1417;0.0
org.apache.commons.math.linear$BlockRealMatrix#walkInOptimizedOrder(org.apache.commons.math.linear.RealMatrixChangingVisitor):1418;0.0
org.apache.commons.math.linear$BlockRealMatrix#walkInOptimizedOrder(org.apache.commons.math.linear.RealMatrixChangingVisitor):1419;0.0
org.apache.commons.math.linear$BlockRealMatrix#walkInOptimizedOrder(org.apache.commons.math.linear.RealMatrixChangingVisitor):1420;0.0
org.apache.commons.math.linear$BlockRealMatrix#walkInOptimizedOrder(org.apache.commons.math.linear.RealMatrixChangingVisitor):1421;0.0
org.apache.commons.math.linear$BlockRealMatrix#walkInOptimizedOrder(org.apache.commons.math.linear.RealMatrixChangingVisitor):1422;0.0
org.apache.commons.math.linear$BlockRealMatrix#walkInOptimizedOrder(org.apache.commons.math.linear.RealMatrixChangingVisitor):1423;0.0
org.apache.commons.math.linear$BlockRealMatrix#walkInOptimizedOrder(org.apache.commons.math.linear.RealMatrixChangingVisitor):1424;0.0
org.apache.commons.math.linear$BlockRealMatrix#walkInOptimizedOrder(org.apache.commons.math.linear.RealMatrixChangingVisitor):1425;0.0
org.apache.commons.math.linear$BlockRealMatrix#walkInOptimizedOrder(org.apache.commons.math.linear.RealMatrixChangingVisitor):1426;0.0
org.apache.commons.math.linear$BlockRealMatrix#walkInOptimizedOrder(org.apache.commons.math.linear.RealMatrixChangingVisitor):1427;0.0
org.apache.commons.math.linear$BlockRealMatrix#walkInOptimizedOrder(org.apache.commons.math.linear.RealMatrixChangingVisitor):1430;0.0
org.apache.commons.math.linear$BlockRealMatrix#walkInOptimizedOrder(org.apache.commons.math.linear.RealMatrixChangingVisitor):1433;0.0
org.apache.commons.math.linear$BlockRealMatrix#walkInOptimizedOrder(org.apache.commons.math.linear.RealMatrixPreservingVisitor):1439;0.0
org.apache.commons.math.linear$BlockRealMatrix#walkInOptimizedOrder(org.apache.commons.math.linear.RealMatrixPreservingVisitor):1440;0.0
org.apache.commons.math.linear$BlockRealMatrix#walkInOptimizedOrder(org.apache.commons.math.linear.RealMatrixPreservingVisitor):1441;0.0
org.apache.commons.math.linear$BlockRealMatrix#walkInOptimizedOrder(org.apache.commons.math.linear.RealMatrixPreservingVisitor):1442;0.0
org.apache.commons.math.linear$BlockRealMatrix#walkInOptimizedOrder(org.apache.commons.math.linear.RealMatrixPreservingVisitor):1443;0.0
org.apache.commons.math.linear$BlockRealMatrix#walkInOptimizedOrder(org.apache.commons.math.linear.RealMatrixPreservingVisitor):1444;0.0
org.apache.commons.math.linear$BlockRealMatrix#walkInOptimizedOrder(org.apache.commons.math.linear.RealMatrixPreservingVisitor):1445;0.0
org.apache.commons.math.linear$BlockRealMatrix#walkInOptimizedOrder(org.apache.commons.math.linear.RealMatrixPreservingVisitor):1446;0.0
org.apache.commons.math.linear$BlockRealMatrix#walkInOptimizedOrder(org.apache.commons.math.linear.RealMatrixPreservingVisitor):1447;0.0
org.apache.commons.math.linear$BlockRealMatrix#walkInOptimizedOrder(org.apache.commons.math.linear.RealMatrixPreservingVisitor):1448;0.0
org.apache.commons.math.linear$BlockRealMatrix#walkInOptimizedOrder(org.apache.commons.math.linear.RealMatrixPreservingVisitor):1449;0.0
org.apache.commons.math.linear$BlockRealMatrix#walkInOptimizedOrder(org.apache.commons.math.linear.RealMatrixPreservingVisitor):1450;0.0
org.apache.commons.math.linear$BlockRealMatrix#walkInOptimizedOrder(org.apache.commons.math.linear.RealMatrixPreservingVisitor):1451;0.0
org.apache.commons.math.linear$BlockRealMatrix#walkInOptimizedOrder(org.apache.commons.math.linear.RealMatrixPreservingVisitor):1452;0.0
org.apache.commons.math.linear$BlockRealMatrix#walkInOptimizedOrder(org.apache.commons.math.linear.RealMatrixPreservingVisitor):1455;0.0
org.apache.commons.math.linear$BlockRealMatrix#walkInOptimizedOrder(org.apache.commons.math.linear.RealMatrixPreservingVisitor):1458;0.0
org.apache.commons.math.linear$BlockRealMatrix#walkInOptimizedOrder(org.apache.commons.math.linear.RealMatrixChangingVisitor,int,int,int,int):1466;0.0
org.apache.commons.math.linear$BlockRealMatrix#walkInOptimizedOrder(org.apache.commons.math.linear.RealMatrixChangingVisitor,int,int,int,int):1467;0.0
org.apache.commons.math.linear$BlockRealMatrix#walkInOptimizedOrder(org.apache.commons.math.linear.RealMatrixChangingVisitor,int,int,int,int):1468;0.0
org.apache.commons.math.linear$BlockRealMatrix#walkInOptimizedOrder(org.apache.commons.math.linear.RealMatrixChangingVisitor,int,int,int,int):1469;0.0
org.apache.commons.math.linear$BlockRealMatrix#walkInOptimizedOrder(org.apache.commons.math.linear.RealMatrixChangingVisitor,int,int,int,int):1470;0.0
org.apache.commons.math.linear$BlockRealMatrix#walkInOptimizedOrder(org.apache.commons.math.linear.RealMatrixChangingVisitor,int,int,int,int):1471;0.0
org.apache.commons.math.linear$BlockRealMatrix#walkInOptimizedOrder(org.apache.commons.math.linear.RealMatrixChangingVisitor,int,int,int,int):1472;0.0
org.apache.commons.math.linear$BlockRealMatrix#walkInOptimizedOrder(org.apache.commons.math.linear.RealMatrixChangingVisitor,int,int,int,int):1473;0.0
org.apache.commons.math.linear$BlockRealMatrix#walkInOptimizedOrder(org.apache.commons.math.linear.RealMatrixChangingVisitor,int,int,int,int):1474;0.0
org.apache.commons.math.linear$BlockRealMatrix#walkInOptimizedOrder(org.apache.commons.math.linear.RealMatrixChangingVisitor,int,int,int,int):1475;0.0
org.apache.commons.math.linear$BlockRealMatrix#walkInOptimizedOrder(org.apache.commons.math.linear.RealMatrixChangingVisitor,int,int,int,int):1476;0.0
org.apache.commons.math.linear$BlockRealMatrix#walkInOptimizedOrder(org.apache.commons.math.linear.RealMatrixChangingVisitor,int,int,int,int):1477;0.0
org.apache.commons.math.linear$BlockRealMatrix#walkInOptimizedOrder(org.apache.commons.math.linear.RealMatrixChangingVisitor,int,int,int,int):1478;0.0
org.apache.commons.math.linear$BlockRealMatrix#walkInOptimizedOrder(org.apache.commons.math.linear.RealMatrixChangingVisitor,int,int,int,int):1479;0.0
org.apache.commons.math.linear$BlockRealMatrix#walkInOptimizedOrder(org.apache.commons.math.linear.RealMatrixChangingVisitor,int,int,int,int):1480;0.0
org.apache.commons.math.linear$BlockRealMatrix#walkInOptimizedOrder(org.apache.commons.math.linear.RealMatrixChangingVisitor,int,int,int,int):1481;0.0
org.apache.commons.math.linear$BlockRealMatrix#walkInOptimizedOrder(org.apache.commons.math.linear.RealMatrixChangingVisitor,int,int,int,int):1482;0.0
org.apache.commons.math.linear$BlockRealMatrix#walkInOptimizedOrder(org.apache.commons.math.linear.RealMatrixChangingVisitor,int,int,int,int):1487;0.0
org.apache.commons.math.linear$BlockRealMatrix#walkInOptimizedOrder(org.apache.commons.math.linear.RealMatrixPreservingVisitor,int,int,int,int):1495;0.0
org.apache.commons.math.linear$BlockRealMatrix#walkInOptimizedOrder(org.apache.commons.math.linear.RealMatrixPreservingVisitor,int,int,int,int):1496;0.0
org.apache.commons.math.linear$BlockRealMatrix#walkInOptimizedOrder(org.apache.commons.math.linear.RealMatrixPreservingVisitor,int,int,int,int):1497;0.0
org.apache.commons.math.linear$BlockRealMatrix#walkInOptimizedOrder(org.apache.commons.math.linear.RealMatrixPreservingVisitor,int,int,int,int):1498;0.0
org.apache.commons.math.linear$BlockRealMatrix#walkInOptimizedOrder(org.apache.commons.math.linear.RealMatrixPreservingVisitor,int,int,int,int):1499;0.0
org.apache.commons.math.linear$BlockRealMatrix#walkInOptimizedOrder(org.apache.commons.math.linear.RealMatrixPreservingVisitor,int,int,int,int):1500;0.0
org.apache.commons.math.linear$BlockRealMatrix#walkInOptimizedOrder(org.apache.commons.math.linear.RealMatrixPreservingVisitor,int,int,int,int):1501;0.0
org.apache.commons.math.linear$BlockRealMatrix#walkInOptimizedOrder(org.apache.commons.math.linear.RealMatrixPreservingVisitor,int,int,int,int):1502;0.0
org.apache.commons.math.linear$BlockRealMatrix#walkInOptimizedOrder(org.apache.commons.math.linear.RealMatrixPreservingVisitor,int,int,int,int):1503;0.0
org.apache.commons.math.linear$BlockRealMatrix#walkInOptimizedOrder(org.apache.commons.math.linear.RealMatrixPreservingVisitor,int,int,int,int):1504;0.0
org.apache.commons.math.linear$BlockRealMatrix#walkInOptimizedOrder(org.apache.commons.math.linear.RealMatrixPreservingVisitor,int,int,int,int):1505;0.0
org.apache.commons.math.linear$BlockRealMatrix#walkInOptimizedOrder(org.apache.commons.math.linear.RealMatrixPreservingVisitor,int,int,int,int):1506;0.0
org.apache.commons.math.linear$BlockRealMatrix#walkInOptimizedOrder(org.apache.commons.math.linear.RealMatrixPreservingVisitor,int,int,int,int):1507;0.0
org.apache.commons.math.linear$BlockRealMatrix#walkInOptimizedOrder(org.apache.commons.math.linear.RealMatrixPreservingVisitor,int,int,int,int):1508;0.0
org.apache.commons.math.linear$BlockRealMatrix#walkInOptimizedOrder(org.apache.commons.math.linear.RealMatrixPreservingVisitor,int,int,int,int):1509;0.0
org.apache.commons.math.linear$BlockRealMatrix#walkInOptimizedOrder(org.apache.commons.math.linear.RealMatrixPreservingVisitor,int,int,int,int):1510;0.0
org.apache.commons.math.linear$BlockRealMatrix#walkInOptimizedOrder(org.apache.commons.math.linear.RealMatrixPreservingVisitor,int,int,int,int):1511;0.0
org.apache.commons.math.linear$BlockRealMatrix#walkInOptimizedOrder(org.apache.commons.math.linear.RealMatrixPreservingVisitor,int,int,int,int):1516;0.0
org.apache.commons.math.linear$BlockRealMatrix#blockHeight(int):1525;0.0
org.apache.commons.math.linear$BlockRealMatrix#blockWidth(int):1534;0.0
org.apache.commons.math.linear$RealVector#addToEntry(int,double):98;0.0
org.apache.commons.math.linear$RealVector#addToEntry(int,double):99;0.0
org.apache.commons.math.linear$RealVector#checkVectorDimensions(org.apache.commons.math.linear.RealVector):162;0.0
org.apache.commons.math.linear$RealVector#checkVectorDimensions(org.apache.commons.math.linear.RealVector):163;0.0
org.apache.commons.math.linear$RealVector#checkVectorDimensions(int):173;0.0
org.apache.commons.math.linear$RealVector#checkVectorDimensions(int):174;0.0
org.apache.commons.math.linear$RealVector#checkVectorDimensions(int):175;0.0
org.apache.commons.math.linear$RealVector#checkVectorDimensions(int):177;0.0
org.apache.commons.math.linear$RealVector#checkIndex(int):186;0.0
org.apache.commons.math.linear$RealVector#checkIndex(int):188;0.0
org.apache.commons.math.linear$RealVector#checkIndex(int):191;0.0
org.apache.commons.math.linear$RealVector#add(org.apache.commons.math.linear.RealVector):203;0.0
org.apache.commons.math.linear$RealVector#add(org.apache.commons.math.linear.RealVector):204;0.0
org.apache.commons.math.linear$RealVector#add(org.apache.commons.math.linear.RealVector):206;0.0
org.apache.commons.math.linear$RealVector#add(org.apache.commons.math.linear.RealVector):207;0.0
org.apache.commons.math.linear$RealVector#add(org.apache.commons.math.linear.RealVector):208;0.0
org.apache.commons.math.linear$RealVector#add(org.apache.commons.math.linear.RealVector):209;0.0
org.apache.commons.math.linear$RealVector#add(org.apache.commons.math.linear.RealVector):210;0.0
org.apache.commons.math.linear$RealVector#subtract(org.apache.commons.math.linear.RealVector):223;0.0
org.apache.commons.math.linear$RealVector#subtract(org.apache.commons.math.linear.RealVector):224;0.0
org.apache.commons.math.linear$RealVector#subtract(org.apache.commons.math.linear.RealVector):226;0.0
org.apache.commons.math.linear$RealVector#subtract(org.apache.commons.math.linear.RealVector):227;0.0
org.apache.commons.math.linear$RealVector#subtract(org.apache.commons.math.linear.RealVector):228;0.0
org.apache.commons.math.linear$RealVector#subtract(org.apache.commons.math.linear.RealVector):229;0.0
org.apache.commons.math.linear$RealVector#subtract(org.apache.commons.math.linear.RealVector):230;0.0
org.apache.commons.math.linear$RealVector#mapAdd(double):241;0.0
org.apache.commons.math.linear$RealVector#mapAddToSelf(double):252;0.0
org.apache.commons.math.linear$RealVector#mapAddToSelf(double):253;0.0
org.apache.commons.math.linear$RealVector#mapAddToSelf(double):255;0.0
org.apache.commons.math.linear$RealVector#dotProduct(org.apache.commons.math.linear.RealVector):274;0.0
org.apache.commons.math.linear$RealVector#dotProduct(org.apache.commons.math.linear.RealVector):275;0.0
org.apache.commons.math.linear$RealVector#dotProduct(org.apache.commons.math.linear.RealVector):276;0.0
org.apache.commons.math.linear$RealVector#dotProduct(org.apache.commons.math.linear.RealVector):278;0.0
org.apache.commons.math.linear$RealVector#dotProduct(org.apache.commons.math.linear.RealVector):279;0.0
org.apache.commons.math.linear$RealVector#dotProduct(org.apache.commons.math.linear.RealVector):281;0.0
org.apache.commons.math.linear$RealVector#cosine(org.apache.commons.math.linear.RealVector):292;0.0
org.apache.commons.math.linear$RealVector#cosine(org.apache.commons.math.linear.RealVector):293;0.0
org.apache.commons.math.linear$RealVector#cosine(org.apache.commons.math.linear.RealVector):295;0.0
org.apache.commons.math.linear$RealVector#cosine(org.apache.commons.math.linear.RealVector):297;0.0
org.apache.commons.math.linear$RealVector#cosine(org.apache.commons.math.linear.RealVector):299;0.0
org.apache.commons.math.linear$RealVector#getDistance(org.apache.commons.math.linear.RealVector):337;0.0
org.apache.commons.math.linear$RealVector#getDistance(org.apache.commons.math.linear.RealVector):338;0.0
org.apache.commons.math.linear$RealVector#getDistance(org.apache.commons.math.linear.RealVector):339;0.0
org.apache.commons.math.linear$RealVector#getDistance(org.apache.commons.math.linear.RealVector):341;0.0
org.apache.commons.math.linear$RealVector#getDistance(org.apache.commons.math.linear.RealVector):342;0.0
org.apache.commons.math.linear$RealVector#getDistance(org.apache.commons.math.linear.RealVector):343;0.0
org.apache.commons.math.linear$RealVector#getDistance(org.apache.commons.math.linear.RealVector):344;0.0
org.apache.commons.math.linear$RealVector#getDistance(org.apache.commons.math.linear.RealVector):345;0.0
org.apache.commons.math.linear$RealVector#getNorm():359;0.0
org.apache.commons.math.linear$RealVector#getNorm():360;0.0
org.apache.commons.math.linear$RealVector#getNorm():362;0.0
org.apache.commons.math.linear$RealVector#getNorm():363;0.0
org.apache.commons.math.linear$RealVector#getNorm():364;0.0
org.apache.commons.math.linear$RealVector#getNorm():365;0.0
org.apache.commons.math.linear$RealVector#getNorm():366;0.0
org.apache.commons.math.linear$RealVector#getL1Norm():380;0.0
org.apache.commons.math.linear$RealVector#getL1Norm():381;0.0
org.apache.commons.math.linear$RealVector#getL1Norm():383;0.0
org.apache.commons.math.linear$RealVector#getL1Norm():384;0.0
org.apache.commons.math.linear$RealVector#getL1Norm():386;0.0
org.apache.commons.math.linear$RealVector#getLInfNorm():400;0.0
org.apache.commons.math.linear$RealVector#getLInfNorm():401;0.0
org.apache.commons.math.linear$RealVector#getLInfNorm():403;0.0
org.apache.commons.math.linear$RealVector#getLInfNorm():404;0.0
org.apache.commons.math.linear$RealVector#getLInfNorm():406;0.0
org.apache.commons.math.linear$RealVector#getL1Distance(org.apache.commons.math.linear.RealVector):421;0.0
org.apache.commons.math.linear$RealVector#getL1Distance(org.apache.commons.math.linear.RealVector):422;0.0
org.apache.commons.math.linear$RealVector#getL1Distance(org.apache.commons.math.linear.RealVector):423;0.0
org.apache.commons.math.linear$RealVector#getL1Distance(org.apache.commons.math.linear.RealVector):425;0.0
org.apache.commons.math.linear$RealVector#getL1Distance(org.apache.commons.math.linear.RealVector):426;0.0
org.apache.commons.math.linear$RealVector#getL1Distance(org.apache.commons.math.linear.RealVector):428;0.0
org.apache.commons.math.linear$RealVector#getLInfDistance(org.apache.commons.math.linear.RealVector):446;0.0
org.apache.commons.math.linear$RealVector#getLInfDistance(org.apache.commons.math.linear.RealVector):447;0.0
org.apache.commons.math.linear$RealVector#getLInfDistance(org.apache.commons.math.linear.RealVector):448;0.0
org.apache.commons.math.linear$RealVector#getLInfDistance(org.apache.commons.math.linear.RealVector):450;0.0
org.apache.commons.math.linear$RealVector#getLInfDistance(org.apache.commons.math.linear.RealVector):451;0.0
org.apache.commons.math.linear$RealVector#getLInfDistance(org.apache.commons.math.linear.RealVector):453;0.0
org.apache.commons.math.linear$RealVector#getMinIndex():463;0.0
org.apache.commons.math.linear$RealVector#getMinIndex():464;0.0
org.apache.commons.math.linear$RealVector#getMinIndex():465;0.0
org.apache.commons.math.linear$RealVector#getMinIndex():466;0.0
org.apache.commons.math.linear$RealVector#getMinIndex():467;0.0
org.apache.commons.math.linear$RealVector#getMinIndex():468;0.0
org.apache.commons.math.linear$RealVector#getMinIndex():469;0.0
org.apache.commons.math.linear$RealVector#getMinIndex():470;0.0
org.apache.commons.math.linear$RealVector#getMinIndex():472;0.0
org.apache.commons.math.linear$RealVector#getMinIndex():473;0.0
org.apache.commons.math.linear$RealVector#getMinValue():483;0.0
org.apache.commons.math.linear$RealVector#getMinValue():484;0.0
org.apache.commons.math.linear$RealVector#getMaxIndex():494;0.0
org.apache.commons.math.linear$RealVector#getMaxIndex():495;0.0
org.apache.commons.math.linear$RealVector#getMaxIndex():496;0.0
org.apache.commons.math.linear$RealVector#getMaxIndex():497;0.0
org.apache.commons.math.linear$RealVector#getMaxIndex():498;0.0
org.apache.commons.math.linear$RealVector#getMaxIndex():499;0.0
org.apache.commons.math.linear$RealVector#getMaxIndex():500;0.0
org.apache.commons.math.linear$RealVector#getMaxIndex():501;0.0
org.apache.commons.math.linear$RealVector#getMaxIndex():503;0.0
org.apache.commons.math.linear$RealVector#getMaxIndex():504;0.0
org.apache.commons.math.linear$RealVector#getMaxValue():514;0.0
org.apache.commons.math.linear$RealVector#getMaxValue():515;0.0
org.apache.commons.math.linear$RealVector#mapMultiplyToSelf(double):538;0.0
org.apache.commons.math.linear$RealVector#mapSubtract(double):549;0.0
org.apache.commons.math.linear$RealVector#mapSubtractToSelf(double):560;0.0
org.apache.commons.math.linear$RealVector#mapDivide(double):571;0.0
org.apache.commons.math.linear$RealVector#mapDivideToSelf(double):582;0.0
org.apache.commons.math.linear$RealVector#outerProduct(org.apache.commons.math.linear.RealVector):593;0.0
org.apache.commons.math.linear$RealVector#outerProduct(org.apache.commons.math.linear.RealVector):594;0.0
org.apache.commons.math.linear$RealVector#outerProduct(org.apache.commons.math.linear.RealVector):597;0.0
org.apache.commons.math.linear$RealVector#outerProduct(org.apache.commons.math.linear.RealVector):600;0.0
org.apache.commons.math.linear$RealVector#outerProduct(org.apache.commons.math.linear.RealVector):601;0.0
org.apache.commons.math.linear$RealVector#outerProduct(org.apache.commons.math.linear.RealVector):602;0.0
org.apache.commons.math.linear$RealVector#outerProduct(org.apache.commons.math.linear.RealVector):603;0.0
org.apache.commons.math.linear$RealVector#outerProduct(org.apache.commons.math.linear.RealVector):604;0.0
org.apache.commons.math.linear$RealVector#outerProduct(org.apache.commons.math.linear.RealVector):605;0.0
org.apache.commons.math.linear$RealVector#outerProduct(org.apache.commons.math.linear.RealVector):606;0.0
org.apache.commons.math.linear$RealVector#outerProduct(org.apache.commons.math.linear.RealVector):609;0.0
org.apache.commons.math.linear$RealVector#outerProduct(org.apache.commons.math.linear.RealVector):611;0.0
org.apache.commons.math.linear$RealVector#set(double):631;0.0
org.apache.commons.math.linear$RealVector#set(double):632;0.0
org.apache.commons.math.linear$RealVector#set(double):633;0.0
org.apache.commons.math.linear$RealVector#set(double):634;0.0
org.apache.commons.math.linear$RealVector#set(double):636;0.0
org.apache.commons.math.linear$RealVector#toArray():646;0.0
org.apache.commons.math.linear$RealVector#toArray():647;0.0
org.apache.commons.math.linear$RealVector#toArray():648;0.0
org.apache.commons.math.linear$RealVector#toArray():649;0.0
org.apache.commons.math.linear$RealVector#toArray():651;0.0
org.apache.commons.math.linear$RealVector#unitVector():662;0.0
org.apache.commons.math.linear$RealVector#unitVector():663;0.0
org.apache.commons.math.linear$RealVector#unitVector():664;0.0
org.apache.commons.math.linear$RealVector#unitize():675;0.0
org.apache.commons.math.linear$RealVector#unitize():676;0.0
org.apache.commons.math.linear$RealVector#sparseIterator():690;0.0
org.apache.commons.math.linear$RealVector#iterator():700;0.0
org.apache.commons.math.linear$RealVector#iterator():701;0.0
org.apache.commons.math.linear$RealVector#map(org.apache.commons.math.analysis.UnivariateFunction):738;0.0
org.apache.commons.math.linear$RealVector#mapToSelf(org.apache.commons.math.analysis.UnivariateFunction):755;0.0
org.apache.commons.math.linear$RealVector#mapToSelf(org.apache.commons.math.analysis.UnivariateFunction):757;0.0
org.apache.commons.math.linear$RealVector#mapToSelf(org.apache.commons.math.analysis.UnivariateFunction):758;0.0
org.apache.commons.math.linear$RealVector#mapToSelf(org.apache.commons.math.analysis.UnivariateFunction):760;0.0
org.apache.commons.math.linear$RealVector#combine(double,double,org.apache.commons.math.linear.RealVector):777;0.0
org.apache.commons.math.linear$RealVector#combineToSelf(double,double,org.apache.commons.math.linear.RealVector):793;0.0
org.apache.commons.math.linear$RealVector#combineToSelf(double,double,org.apache.commons.math.linear.RealVector):794;0.0
org.apache.commons.math.linear$RealVector#combineToSelf(double,double,org.apache.commons.math.linear.RealVector):795;0.0
org.apache.commons.math.linear$RealVector#combineToSelf(double,double,org.apache.commons.math.linear.RealVector):796;0.0
org.apache.commons.math.linear$RealVector#combineToSelf(double,double,org.apache.commons.math.linear.RealVector):797;0.0
org.apache.commons.math.linear$RealVector#combineToSelf(double,double,org.apache.commons.math.linear.RealVector):799;0.0
org.apache.commons.math.linear$RealVector#unmodifiableRealVector(org.apache.commons.math.linear.RealVector):949;0.0
org.apache.commons.math.linear$ArrayRealVector#ArrayRealVector():53;0.0
org.apache.commons.math.linear$ArrayRealVector#ArrayRealVector():54;0.0
org.apache.commons.math.linear$ArrayRealVector#ArrayRealVector():55;0.0
org.apache.commons.math.linear$ArrayRealVector#ArrayRealVector(int,double):72;0.0
org.apache.commons.math.linear$ArrayRealVector#ArrayRealVector(int,double):73;0.0
org.apache.commons.math.linear$ArrayRealVector#ArrayRealVector(int,double):74;0.0
org.apache.commons.math.linear$ArrayRealVector#ArrayRealVector(int,double):75;0.0
org.apache.commons.math.linear$ArrayRealVector#ArrayRealVector(double[],boolean):103;0.0
org.apache.commons.math.linear$ArrayRealVector#ArrayRealVector(double[],int,int):118;0.0
org.apache.commons.math.linear$ArrayRealVector#ArrayRealVector(double[],int,int):119;0.0
org.apache.commons.math.linear$ArrayRealVector#ArrayRealVector(double[],int,int):120;0.0
org.apache.commons.math.linear$ArrayRealVector#ArrayRealVector(double[],int,int):122;0.0
org.apache.commons.math.linear$ArrayRealVector#ArrayRealVector(double[],int,int):123;0.0
org.apache.commons.math.linear$ArrayRealVector#ArrayRealVector(double[],int,int):125;0.0
org.apache.commons.math.linear$ArrayRealVector#ArrayRealVector(double[],int,int):126;0.0
org.apache.commons.math.linear$ArrayRealVector#ArrayRealVector(double[],int,int):127;0.0
org.apache.commons.math.linear$ArrayRealVector#ArrayRealVector(java.lang.Double[]):134;0.0
org.apache.commons.math.linear$ArrayRealVector#ArrayRealVector(java.lang.Double[]):135;0.0
org.apache.commons.math.linear$ArrayRealVector#ArrayRealVector(java.lang.Double[]):136;0.0
org.apache.commons.math.linear$ArrayRealVector#ArrayRealVector(java.lang.Double[]):137;0.0
org.apache.commons.math.linear$ArrayRealVector#ArrayRealVector(java.lang.Double[]):139;0.0
org.apache.commons.math.linear$ArrayRealVector#ArrayRealVector(java.lang.Double[],int,int):151;0.0
org.apache.commons.math.linear$ArrayRealVector#ArrayRealVector(java.lang.Double[],int,int):152;0.0
org.apache.commons.math.linear$ArrayRealVector#ArrayRealVector(java.lang.Double[],int,int):153;0.0
org.apache.commons.math.linear$ArrayRealVector#ArrayRealVector(java.lang.Double[],int,int):155;0.0
org.apache.commons.math.linear$ArrayRealVector#ArrayRealVector(java.lang.Double[],int,int):156;0.0
org.apache.commons.math.linear$ArrayRealVector#ArrayRealVector(java.lang.Double[],int,int):158;0.0
org.apache.commons.math.linear$ArrayRealVector#ArrayRealVector(java.lang.Double[],int,int):159;0.0
org.apache.commons.math.linear$ArrayRealVector#ArrayRealVector(java.lang.Double[],int,int):160;0.0
org.apache.commons.math.linear$ArrayRealVector#ArrayRealVector(java.lang.Double[],int,int):162;0.0
org.apache.commons.math.linear$ArrayRealVector#ArrayRealVector(org.apache.commons.math.linear.RealVector):170;0.0
org.apache.commons.math.linear$ArrayRealVector#ArrayRealVector(org.apache.commons.math.linear.RealVector):171;0.0
org.apache.commons.math.linear$ArrayRealVector#ArrayRealVector(org.apache.commons.math.linear.RealVector):172;0.0
org.apache.commons.math.linear$ArrayRealVector#ArrayRealVector(org.apache.commons.math.linear.RealVector):174;0.0
org.apache.commons.math.linear$ArrayRealVector#ArrayRealVector(org.apache.commons.math.linear.RealVector):175;0.0
org.apache.commons.math.linear$ArrayRealVector#ArrayRealVector(org.apache.commons.math.linear.RealVector):176;0.0
org.apache.commons.math.linear$ArrayRealVector#ArrayRealVector(org.apache.commons.math.linear.RealVector):178;0.0
org.apache.commons.math.linear$ArrayRealVector#ArrayRealVector(org.apache.commons.math.linear.ArrayRealVector):187;0.0
org.apache.commons.math.linear$ArrayRealVector#ArrayRealVector(org.apache.commons.math.linear.ArrayRealVector):188;0.0
org.apache.commons.math.linear$ArrayRealVector#ArrayRealVector(org.apache.commons.math.linear.ArrayRealVector,org.apache.commons.math.linear.ArrayRealVector):206;0.0
org.apache.commons.math.linear$ArrayRealVector#ArrayRealVector(org.apache.commons.math.linear.ArrayRealVector,org.apache.commons.math.linear.ArrayRealVector):207;0.0
org.apache.commons.math.linear$ArrayRealVector#ArrayRealVector(org.apache.commons.math.linear.ArrayRealVector,org.apache.commons.math.linear.ArrayRealVector):208;0.0
org.apache.commons.math.linear$ArrayRealVector#ArrayRealVector(org.apache.commons.math.linear.ArrayRealVector,org.apache.commons.math.linear.ArrayRealVector):209;0.0
org.apache.commons.math.linear$ArrayRealVector#ArrayRealVector(org.apache.commons.math.linear.ArrayRealVector,org.apache.commons.math.linear.ArrayRealVector):210;0.0
org.apache.commons.math.linear$ArrayRealVector#ArrayRealVector(org.apache.commons.math.linear.ArrayRealVector,org.apache.commons.math.linear.RealVector):217;0.0
org.apache.commons.math.linear$ArrayRealVector#ArrayRealVector(org.apache.commons.math.linear.ArrayRealVector,org.apache.commons.math.linear.RealVector):218;0.0
org.apache.commons.math.linear$ArrayRealVector#ArrayRealVector(org.apache.commons.math.linear.ArrayRealVector,org.apache.commons.math.linear.RealVector):219;0.0
org.apache.commons.math.linear$ArrayRealVector#ArrayRealVector(org.apache.commons.math.linear.ArrayRealVector,org.apache.commons.math.linear.RealVector):220;0.0
org.apache.commons.math.linear$ArrayRealVector#ArrayRealVector(org.apache.commons.math.linear.ArrayRealVector,org.apache.commons.math.linear.RealVector):221;0.0
org.apache.commons.math.linear$ArrayRealVector#ArrayRealVector(org.apache.commons.math.linear.ArrayRealVector,org.apache.commons.math.linear.RealVector):222;0.0
org.apache.commons.math.linear$ArrayRealVector#ArrayRealVector(org.apache.commons.math.linear.ArrayRealVector,org.apache.commons.math.linear.RealVector):223;0.0
org.apache.commons.math.linear$ArrayRealVector#ArrayRealVector(org.apache.commons.math.linear.ArrayRealVector,org.apache.commons.math.linear.RealVector):225;0.0
org.apache.commons.math.linear$ArrayRealVector#ArrayRealVector(org.apache.commons.math.linear.RealVector,org.apache.commons.math.linear.ArrayRealVector):232;0.0
org.apache.commons.math.linear$ArrayRealVector#ArrayRealVector(org.apache.commons.math.linear.RealVector,org.apache.commons.math.linear.ArrayRealVector):233;0.0
org.apache.commons.math.linear$ArrayRealVector#ArrayRealVector(org.apache.commons.math.linear.RealVector,org.apache.commons.math.linear.ArrayRealVector):234;0.0
org.apache.commons.math.linear$ArrayRealVector#ArrayRealVector(org.apache.commons.math.linear.RealVector,org.apache.commons.math.linear.ArrayRealVector):235;0.0
org.apache.commons.math.linear$ArrayRealVector#ArrayRealVector(org.apache.commons.math.linear.RealVector,org.apache.commons.math.linear.ArrayRealVector):236;0.0
org.apache.commons.math.linear$ArrayRealVector#ArrayRealVector(org.apache.commons.math.linear.RealVector,org.apache.commons.math.linear.ArrayRealVector):237;0.0
org.apache.commons.math.linear$ArrayRealVector#ArrayRealVector(org.apache.commons.math.linear.RealVector,org.apache.commons.math.linear.ArrayRealVector):239;0.0
org.apache.commons.math.linear$ArrayRealVector#ArrayRealVector(org.apache.commons.math.linear.RealVector,org.apache.commons.math.linear.ArrayRealVector):240;0.0
org.apache.commons.math.linear$ArrayRealVector#ArrayRealVector(org.apache.commons.math.linear.ArrayRealVector,double[]):247;0.0
org.apache.commons.math.linear$ArrayRealVector#ArrayRealVector(org.apache.commons.math.linear.ArrayRealVector,double[]):248;0.0
org.apache.commons.math.linear$ArrayRealVector#ArrayRealVector(org.apache.commons.math.linear.ArrayRealVector,double[]):249;0.0
org.apache.commons.math.linear$ArrayRealVector#ArrayRealVector(org.apache.commons.math.linear.ArrayRealVector,double[]):250;0.0
org.apache.commons.math.linear$ArrayRealVector#ArrayRealVector(org.apache.commons.math.linear.ArrayRealVector,double[]):251;0.0
org.apache.commons.math.linear$ArrayRealVector#ArrayRealVector(org.apache.commons.math.linear.ArrayRealVector,double[]):252;0.0
org.apache.commons.math.linear$ArrayRealVector#ArrayRealVector(org.apache.commons.math.linear.ArrayRealVector,double[]):253;0.0
org.apache.commons.math.linear$ArrayRealVector#ArrayRealVector(double[],org.apache.commons.math.linear.ArrayRealVector):260;0.0
org.apache.commons.math.linear$ArrayRealVector#ArrayRealVector(double[],org.apache.commons.math.linear.ArrayRealVector):261;0.0
org.apache.commons.math.linear$ArrayRealVector#ArrayRealVector(double[],org.apache.commons.math.linear.ArrayRealVector):262;0.0
org.apache.commons.math.linear$ArrayRealVector#ArrayRealVector(double[],org.apache.commons.math.linear.ArrayRealVector):263;0.0
org.apache.commons.math.linear$ArrayRealVector#ArrayRealVector(double[],org.apache.commons.math.linear.ArrayRealVector):264;0.0
org.apache.commons.math.linear$ArrayRealVector#ArrayRealVector(double[],org.apache.commons.math.linear.ArrayRealVector):265;0.0
org.apache.commons.math.linear$ArrayRealVector#ArrayRealVector(double[],org.apache.commons.math.linear.ArrayRealVector):266;0.0
org.apache.commons.math.linear$ArrayRealVector#ArrayRealVector(double[],double[]):273;0.0
org.apache.commons.math.linear$ArrayRealVector#ArrayRealVector(double[],double[]):274;0.0
org.apache.commons.math.linear$ArrayRealVector#ArrayRealVector(double[],double[]):275;0.0
org.apache.commons.math.linear$ArrayRealVector#ArrayRealVector(double[],double[]):276;0.0
org.apache.commons.math.linear$ArrayRealVector#ArrayRealVector(double[],double[]):277;0.0
org.apache.commons.math.linear$ArrayRealVector#ArrayRealVector(double[],double[]):278;0.0
org.apache.commons.math.linear$ArrayRealVector#ArrayRealVector(double[],double[]):279;0.0
org.apache.commons.math.linear$ArrayRealVector#add(org.apache.commons.math.linear.RealVector):290;0.0
org.apache.commons.math.linear$ArrayRealVector#add(org.apache.commons.math.linear.RealVector):291;0.0
org.apache.commons.math.linear$ArrayRealVector#add(org.apache.commons.math.linear.RealVector):292;0.0
org.apache.commons.math.linear$ArrayRealVector#add(org.apache.commons.math.linear.RealVector):293;0.0
org.apache.commons.math.linear$ArrayRealVector#add(org.apache.commons.math.linear.RealVector):294;0.0
org.apache.commons.math.linear$ArrayRealVector#add(org.apache.commons.math.linear.RealVector):295;0.0
org.apache.commons.math.linear$ArrayRealVector#add(org.apache.commons.math.linear.RealVector):296;0.0
org.apache.commons.math.linear$ArrayRealVector#add(org.apache.commons.math.linear.RealVector):297;0.0
org.apache.commons.math.linear$ArrayRealVector#add(org.apache.commons.math.linear.RealVector):299;0.0
org.apache.commons.math.linear$ArrayRealVector#add(org.apache.commons.math.linear.RealVector):301;0.0
org.apache.commons.math.linear$ArrayRealVector#add(org.apache.commons.math.linear.RealVector):302;0.0
org.apache.commons.math.linear$ArrayRealVector#add(org.apache.commons.math.linear.RealVector):303;0.0
org.apache.commons.math.linear$ArrayRealVector#add(org.apache.commons.math.linear.RealVector):305;0.0
org.apache.commons.math.linear$ArrayRealVector#add(org.apache.commons.math.linear.RealVector):306;0.0
org.apache.commons.math.linear$ArrayRealVector#add(org.apache.commons.math.linear.RealVector):308;0.0
org.apache.commons.math.linear$ArrayRealVector#subtract(org.apache.commons.math.linear.RealVector):326;0.0
org.apache.commons.math.linear$ArrayRealVector#subtract(org.apache.commons.math.linear.RealVector):327;0.0
org.apache.commons.math.linear$ArrayRealVector#subtract(org.apache.commons.math.linear.RealVector):328;0.0
org.apache.commons.math.linear$ArrayRealVector#subtract(org.apache.commons.math.linear.RealVector):330;0.0
org.apache.commons.math.linear$ArrayRealVector#subtract(org.apache.commons.math.linear.RealVector):331;0.0
org.apache.commons.math.linear$ArrayRealVector#subtract(org.apache.commons.math.linear.RealVector):333;0.0
org.apache.commons.math.linear$ArrayRealVector#map(org.apache.commons.math.analysis.UnivariateFunction):340;0.0
org.apache.commons.math.linear$ArrayRealVector#mapToSelf(org.apache.commons.math.analysis.UnivariateFunction):346;0.0
org.apache.commons.math.linear$ArrayRealVector#mapToSelf(org.apache.commons.math.analysis.UnivariateFunction):347;0.0
org.apache.commons.math.linear$ArrayRealVector#mapToSelf(org.apache.commons.math.analysis.UnivariateFunction):349;0.0
org.apache.commons.math.linear$ArrayRealVector#mapAddToSelf(double):355;0.0
org.apache.commons.math.linear$ArrayRealVector#mapAddToSelf(double):356;0.0
org.apache.commons.math.linear$ArrayRealVector#mapAddToSelf(double):358;0.0
org.apache.commons.math.linear$ArrayRealVector#mapSubtractToSelf(double):364;0.0
org.apache.commons.math.linear$ArrayRealVector#mapSubtractToSelf(double):365;0.0
org.apache.commons.math.linear$ArrayRealVector#mapSubtractToSelf(double):367;0.0
org.apache.commons.math.linear$ArrayRealVector#mapDivideToSelf(double):382;0.0
org.apache.commons.math.linear$ArrayRealVector#mapDivideToSelf(double):383;0.0
org.apache.commons.math.linear$ArrayRealVector#mapDivideToSelf(double):385;0.0
org.apache.commons.math.linear$ArrayRealVector#ebeMultiply(org.apache.commons.math.linear.RealVector):391;0.0
org.apache.commons.math.linear$ArrayRealVector#ebeMultiply(org.apache.commons.math.linear.RealVector):392;0.0
org.apache.commons.math.linear$ArrayRealVector#ebeMultiply(org.apache.commons.math.linear.RealVector):393;0.0
org.apache.commons.math.linear$ArrayRealVector#ebeMultiply(org.apache.commons.math.linear.RealVector):394;0.0
org.apache.commons.math.linear$ArrayRealVector#ebeMultiply(org.apache.commons.math.linear.RealVector):395;0.0
org.apache.commons.math.linear$ArrayRealVector#ebeMultiply(org.apache.commons.math.linear.RealVector):396;0.0
org.apache.commons.math.linear$ArrayRealVector#ebeMultiply(org.apache.commons.math.linear.RealVector):397;0.0
org.apache.commons.math.linear$ArrayRealVector#ebeMultiply(org.apache.commons.math.linear.RealVector):398;0.0
org.apache.commons.math.linear$ArrayRealVector#ebeMultiply(org.apache.commons.math.linear.RealVector):400;0.0
org.apache.commons.math.linear$ArrayRealVector#ebeMultiply(org.apache.commons.math.linear.RealVector):402;0.0
org.apache.commons.math.linear$ArrayRealVector#ebeMultiply(org.apache.commons.math.linear.RealVector):403;0.0
org.apache.commons.math.linear$ArrayRealVector#ebeMultiply(org.apache.commons.math.linear.RealVector):404;0.0
org.apache.commons.math.linear$ArrayRealVector#ebeMultiply(org.apache.commons.math.linear.RealVector):405;0.0
org.apache.commons.math.linear$ArrayRealVector#ebeMultiply(org.apache.commons.math.linear.RealVector):407;0.0
org.apache.commons.math.linear$ArrayRealVector#ebeDivide(org.apache.commons.math.linear.RealVector):414;0.0
org.apache.commons.math.linear$ArrayRealVector#ebeDivide(org.apache.commons.math.linear.RealVector):415;0.0
org.apache.commons.math.linear$ArrayRealVector#ebeDivide(org.apache.commons.math.linear.RealVector):416;0.0
org.apache.commons.math.linear$ArrayRealVector#ebeDivide(org.apache.commons.math.linear.RealVector):417;0.0
org.apache.commons.math.linear$ArrayRealVector#ebeDivide(org.apache.commons.math.linear.RealVector):418;0.0
org.apache.commons.math.linear$ArrayRealVector#ebeDivide(org.apache.commons.math.linear.RealVector):419;0.0
org.apache.commons.math.linear$ArrayRealVector#ebeDivide(org.apache.commons.math.linear.RealVector):420;0.0
org.apache.commons.math.linear$ArrayRealVector#ebeDivide(org.apache.commons.math.linear.RealVector):421;0.0
org.apache.commons.math.linear$ArrayRealVector#ebeDivide(org.apache.commons.math.linear.RealVector):423;0.0
org.apache.commons.math.linear$ArrayRealVector#ebeDivide(org.apache.commons.math.linear.RealVector):425;0.0
org.apache.commons.math.linear$ArrayRealVector#ebeDivide(org.apache.commons.math.linear.RealVector):426;0.0
org.apache.commons.math.linear$ArrayRealVector#ebeDivide(org.apache.commons.math.linear.RealVector):427;0.0
org.apache.commons.math.linear$ArrayRealVector#ebeDivide(org.apache.commons.math.linear.RealVector):428;0.0
org.apache.commons.math.linear$ArrayRealVector#ebeDivide(org.apache.commons.math.linear.RealVector):430;0.0
org.apache.commons.math.linear$ArrayRealVector#getDataRef():441;0.0
org.apache.commons.math.linear$ArrayRealVector#dotProduct(org.apache.commons.math.linear.RealVector):456;0.0
org.apache.commons.math.linear$ArrayRealVector#dotProduct(org.apache.commons.math.linear.RealVector):457;0.0
org.apache.commons.math.linear$ArrayRealVector#dotProduct(org.apache.commons.math.linear.RealVector):458;0.0
org.apache.commons.math.linear$ArrayRealVector#dotProduct(org.apache.commons.math.linear.RealVector):460;0.0
org.apache.commons.math.linear$ArrayRealVector#dotProduct(org.apache.commons.math.linear.RealVector):461;0.0
org.apache.commons.math.linear$ArrayRealVector#dotProduct(org.apache.commons.math.linear.RealVector):463;0.0
org.apache.commons.math.linear$ArrayRealVector#getNorm():470;0.0
org.apache.commons.math.linear$ArrayRealVector#getNorm():471;0.0
org.apache.commons.math.linear$ArrayRealVector#getNorm():472;0.0
org.apache.commons.math.linear$ArrayRealVector#getNorm():474;0.0
org.apache.commons.math.linear$ArrayRealVector#getL1Norm():480;0.0
org.apache.commons.math.linear$ArrayRealVector#getL1Norm():481;0.0
org.apache.commons.math.linear$ArrayRealVector#getL1Norm():482;0.0
org.apache.commons.math.linear$ArrayRealVector#getL1Norm():484;0.0
org.apache.commons.math.linear$ArrayRealVector#getLInfNorm():490;0.0
org.apache.commons.math.linear$ArrayRealVector#getLInfNorm():491;0.0
org.apache.commons.math.linear$ArrayRealVector#getLInfNorm():492;0.0
org.apache.commons.math.linear$ArrayRealVector#getLInfNorm():494;0.0
org.apache.commons.math.linear$ArrayRealVector#getDistance(org.apache.commons.math.linear.RealVector):500;0.0
org.apache.commons.math.linear$ArrayRealVector#getDistance(org.apache.commons.math.linear.RealVector):501;0.0
org.apache.commons.math.linear$ArrayRealVector#getDistance(org.apache.commons.math.linear.RealVector):502;0.0
org.apache.commons.math.linear$ArrayRealVector#getDistance(org.apache.commons.math.linear.RealVector):503;0.0
org.apache.commons.math.linear$ArrayRealVector#getDistance(org.apache.commons.math.linear.RealVector):504;0.0
org.apache.commons.math.linear$ArrayRealVector#getDistance(org.apache.commons.math.linear.RealVector):505;0.0
org.apache.commons.math.linear$ArrayRealVector#getDistance(org.apache.commons.math.linear.RealVector):506;0.0
org.apache.commons.math.linear$ArrayRealVector#getDistance(org.apache.commons.math.linear.RealVector):508;0.0
org.apache.commons.math.linear$ArrayRealVector#getDistance(org.apache.commons.math.linear.RealVector):510;0.0
org.apache.commons.math.linear$ArrayRealVector#getDistance(org.apache.commons.math.linear.RealVector):511;0.0
org.apache.commons.math.linear$ArrayRealVector#getDistance(org.apache.commons.math.linear.RealVector):512;0.0
org.apache.commons.math.linear$ArrayRealVector#getDistance(org.apache.commons.math.linear.RealVector):513;0.0
org.apache.commons.math.linear$ArrayRealVector#getDistance(org.apache.commons.math.linear.RealVector):514;0.0
org.apache.commons.math.linear$ArrayRealVector#getDistance(org.apache.commons.math.linear.RealVector):516;0.0
org.apache.commons.math.linear$ArrayRealVector#getL1Distance(org.apache.commons.math.linear.RealVector):523;0.0
org.apache.commons.math.linear$ArrayRealVector#getL1Distance(org.apache.commons.math.linear.RealVector):524;0.0
org.apache.commons.math.linear$ArrayRealVector#getL1Distance(org.apache.commons.math.linear.RealVector):525;0.0
org.apache.commons.math.linear$ArrayRealVector#getL1Distance(org.apache.commons.math.linear.RealVector):526;0.0
org.apache.commons.math.linear$ArrayRealVector#getL1Distance(org.apache.commons.math.linear.RealVector):527;0.0
org.apache.commons.math.linear$ArrayRealVector#getL1Distance(org.apache.commons.math.linear.RealVector):528;0.0
org.apache.commons.math.linear$ArrayRealVector#getL1Distance(org.apache.commons.math.linear.RealVector):529;0.0
org.apache.commons.math.linear$ArrayRealVector#getL1Distance(org.apache.commons.math.linear.RealVector):531;0.0
org.apache.commons.math.linear$ArrayRealVector#getL1Distance(org.apache.commons.math.linear.RealVector):533;0.0
org.apache.commons.math.linear$ArrayRealVector#getL1Distance(org.apache.commons.math.linear.RealVector):534;0.0
org.apache.commons.math.linear$ArrayRealVector#getL1Distance(org.apache.commons.math.linear.RealVector):535;0.0
org.apache.commons.math.linear$ArrayRealVector#getL1Distance(org.apache.commons.math.linear.RealVector):536;0.0
org.apache.commons.math.linear$ArrayRealVector#getL1Distance(org.apache.commons.math.linear.RealVector):537;0.0
org.apache.commons.math.linear$ArrayRealVector#getL1Distance(org.apache.commons.math.linear.RealVector):539;0.0
org.apache.commons.math.linear$ArrayRealVector#getLInfDistance(org.apache.commons.math.linear.RealVector):546;0.0
org.apache.commons.math.linear$ArrayRealVector#getLInfDistance(org.apache.commons.math.linear.RealVector):547;0.0
org.apache.commons.math.linear$ArrayRealVector#getLInfDistance(org.apache.commons.math.linear.RealVector):548;0.0
org.apache.commons.math.linear$ArrayRealVector#getLInfDistance(org.apache.commons.math.linear.RealVector):549;0.0
org.apache.commons.math.linear$ArrayRealVector#getLInfDistance(org.apache.commons.math.linear.RealVector):550;0.0
org.apache.commons.math.linear$ArrayRealVector#getLInfDistance(org.apache.commons.math.linear.RealVector):551;0.0
org.apache.commons.math.linear$ArrayRealVector#getLInfDistance(org.apache.commons.math.linear.RealVector):552;0.0
org.apache.commons.math.linear$ArrayRealVector#getLInfDistance(org.apache.commons.math.linear.RealVector):554;0.0
org.apache.commons.math.linear$ArrayRealVector#getLInfDistance(org.apache.commons.math.linear.RealVector):556;0.0
org.apache.commons.math.linear$ArrayRealVector#getLInfDistance(org.apache.commons.math.linear.RealVector):557;0.0
org.apache.commons.math.linear$ArrayRealVector#getLInfDistance(org.apache.commons.math.linear.RealVector):558;0.0
org.apache.commons.math.linear$ArrayRealVector#getLInfDistance(org.apache.commons.math.linear.RealVector):559;0.0
org.apache.commons.math.linear$ArrayRealVector#getLInfDistance(org.apache.commons.math.linear.RealVector):560;0.0
org.apache.commons.math.linear$ArrayRealVector#getLInfDistance(org.apache.commons.math.linear.RealVector):562;0.0
org.apache.commons.math.linear$ArrayRealVector#unitVector():569;0.0
org.apache.commons.math.linear$ArrayRealVector#unitVector():570;0.0
org.apache.commons.math.linear$ArrayRealVector#unitVector():571;0.0
org.apache.commons.math.linear$ArrayRealVector#unitVector():573;0.0
org.apache.commons.math.linear$ArrayRealVector#unitize():579;0.0
org.apache.commons.math.linear$ArrayRealVector#unitize():580;0.0
org.apache.commons.math.linear$ArrayRealVector#unitize():581;0.0
org.apache.commons.math.linear$ArrayRealVector#unitize():583;0.0
org.apache.commons.math.linear$ArrayRealVector#unitize():584;0.0
org.apache.commons.math.linear$ArrayRealVector#projection(org.apache.commons.math.linear.RealVector):589;0.0
org.apache.commons.math.linear$ArrayRealVector#outerProduct(org.apache.commons.math.linear.RealVector):595;0.0
org.apache.commons.math.linear$ArrayRealVector#outerProduct(org.apache.commons.math.linear.RealVector):596;0.0
org.apache.commons.math.linear$ArrayRealVector#outerProduct(org.apache.commons.math.linear.RealVector):597;0.0
org.apache.commons.math.linear$ArrayRealVector#outerProduct(org.apache.commons.math.linear.RealVector):598;0.0
org.apache.commons.math.linear$ArrayRealVector#outerProduct(org.apache.commons.math.linear.RealVector):599;0.0
org.apache.commons.math.linear$ArrayRealVector#outerProduct(org.apache.commons.math.linear.RealVector):600;0.0
org.apache.commons.math.linear$ArrayRealVector#outerProduct(org.apache.commons.math.linear.RealVector):601;0.0
org.apache.commons.math.linear$ArrayRealVector#outerProduct(org.apache.commons.math.linear.RealVector):602;0.0
org.apache.commons.math.linear$ArrayRealVector#outerProduct(org.apache.commons.math.linear.RealVector):605;0.0
org.apache.commons.math.linear$ArrayRealVector#outerProduct(org.apache.commons.math.linear.RealVector):607;0.0
org.apache.commons.math.linear$ArrayRealVector#outerProduct(org.apache.commons.math.linear.RealVector):608;0.0
org.apache.commons.math.linear$ArrayRealVector#outerProduct(org.apache.commons.math.linear.RealVector):609;0.0
org.apache.commons.math.linear$ArrayRealVector#outerProduct(org.apache.commons.math.linear.RealVector):610;0.0
org.apache.commons.math.linear$ArrayRealVector#outerProduct(org.apache.commons.math.linear.RealVector):611;0.0
org.apache.commons.math.linear$ArrayRealVector#outerProduct(org.apache.commons.math.linear.RealVector):612;0.0
org.apache.commons.math.linear$ArrayRealVector#outerProduct(org.apache.commons.math.linear.RealVector):615;0.0
org.apache.commons.math.linear$ArrayRealVector#append(org.apache.commons.math.linear.RealVector):635;0.0
org.apache.commons.math.linear$ArrayRealVector#append(org.apache.commons.math.linear.RealVector):636;0.0
org.apache.commons.math.linear$ArrayRealVector#append(org.apache.commons.math.linear.RealVector):637;0.0
org.apache.commons.math.linear$ArrayRealVector#append(org.apache.commons.math.linear.ArrayRealVector):648;0.0
org.apache.commons.math.linear$ArrayRealVector#append(double):654;0.0
org.apache.commons.math.linear$ArrayRealVector#append(double):655;0.0
org.apache.commons.math.linear$ArrayRealVector#append(double):656;0.0
org.apache.commons.math.linear$ArrayRealVector#append(double):657;0.0
org.apache.commons.math.linear$ArrayRealVector#getSubVector(int,int):663;0.0
org.apache.commons.math.linear$ArrayRealVector#getSubVector(int,int):665;0.0
org.apache.commons.math.linear$ArrayRealVector#getSubVector(int,int):669;0.0
org.apache.commons.math.linear$ArrayRealVector#getSubVector(int,int):666;0.0
org.apache.commons.math.linear$ArrayRealVector#getSubVector(int,int):667;0.0
org.apache.commons.math.linear$ArrayRealVector#getSubVector(int,int):668;0.0
org.apache.commons.math.linear$ArrayRealVector#getSubVector(int,int):670;0.0
org.apache.commons.math.linear$ArrayRealVector#setEntry(int,double):677;0.0
org.apache.commons.math.linear$ArrayRealVector#setEntry(int,double):680;0.0
org.apache.commons.math.linear$ArrayRealVector#setEntry(int,double):678;0.0
org.apache.commons.math.linear$ArrayRealVector#setEntry(int,double):679;0.0
org.apache.commons.math.linear$ArrayRealVector#setEntry(int,double):681;0.0
org.apache.commons.math.linear$ArrayRealVector#addToEntry(int,double):686;0.0
org.apache.commons.math.linear$ArrayRealVector#addToEntry(int,double):687;0.0
org.apache.commons.math.linear$ArrayRealVector#setSubVector(int,org.apache.commons.math.linear.RealVector):692;0.0
org.apache.commons.math.linear$ArrayRealVector#setSubVector(int,org.apache.commons.math.linear.RealVector):693;0.0
org.apache.commons.math.linear$ArrayRealVector#setSubVector(int,org.apache.commons.math.linear.RealVector):696;0.0
org.apache.commons.math.linear$ArrayRealVector#setSubVector(int,org.apache.commons.math.linear.RealVector):697;0.0
org.apache.commons.math.linear$ArrayRealVector#setSubVector(int,org.apache.commons.math.linear.RealVector):702;0.0
org.apache.commons.math.linear$ArrayRealVector#setSubVector(int,org.apache.commons.math.linear.RealVector):699;0.0
org.apache.commons.math.linear$ArrayRealVector#setSubVector(int,org.apache.commons.math.linear.RealVector):700;0.0
org.apache.commons.math.linear$ArrayRealVector#setSubVector(int,org.apache.commons.math.linear.RealVector):701;0.0
org.apache.commons.math.linear$ArrayRealVector#setSubVector(int,org.apache.commons.math.linear.RealVector):704;0.0
org.apache.commons.math.linear$ArrayRealVector#setSubVector(int,double[]):716;0.0
org.apache.commons.math.linear$ArrayRealVector#setSubVector(int,double[]):720;0.0
org.apache.commons.math.linear$ArrayRealVector#setSubVector(int,double[]):717;0.0
org.apache.commons.math.linear$ArrayRealVector#setSubVector(int,double[]):718;0.0
org.apache.commons.math.linear$ArrayRealVector#setSubVector(int,double[]):719;0.0
org.apache.commons.math.linear$ArrayRealVector#setSubVector(int,double[]):721;0.0
org.apache.commons.math.linear$ArrayRealVector#set(double):726;0.0
org.apache.commons.math.linear$ArrayRealVector#set(double):727;0.0
org.apache.commons.math.linear$ArrayRealVector#toString():738;0.0
org.apache.commons.math.linear$ArrayRealVector#checkVectorDimensions(org.apache.commons.math.linear.RealVector):750;0.0
org.apache.commons.math.linear$ArrayRealVector#checkVectorDimensions(org.apache.commons.math.linear.RealVector):751;0.0
org.apache.commons.math.linear$ArrayRealVector#checkVectorDimensions(int):763;0.0
org.apache.commons.math.linear$ArrayRealVector#isNaN():775;0.0
org.apache.commons.math.linear$ArrayRealVector#isNaN():776;0.0
org.apache.commons.math.linear$ArrayRealVector#isNaN():777;0.0
org.apache.commons.math.linear$ArrayRealVector#isNaN():780;0.0
org.apache.commons.math.linear$ArrayRealVector#isInfinite():792;0.0
org.apache.commons.math.linear$ArrayRealVector#isInfinite():793;0.0
org.apache.commons.math.linear$ArrayRealVector#isInfinite():796;0.0
org.apache.commons.math.linear$ArrayRealVector#isInfinite():797;0.0
org.apache.commons.math.linear$ArrayRealVector#isInfinite():798;0.0
org.apache.commons.math.linear$ArrayRealVector#isInfinite():802;0.0
org.apache.commons.math.linear$ArrayRealVector#equals(java.lang.Object):821;0.0
org.apache.commons.math.linear$ArrayRealVector#equals(java.lang.Object):822;0.0
org.apache.commons.math.linear$ArrayRealVector#equals(java.lang.Object):825;0.0
org.apache.commons.math.linear$ArrayRealVector#equals(java.lang.Object):826;0.0
org.apache.commons.math.linear$ArrayRealVector#equals(java.lang.Object):829;0.0
org.apache.commons.math.linear$ArrayRealVector#equals(java.lang.Object):830;0.0
org.apache.commons.math.linear$ArrayRealVector#equals(java.lang.Object):831;0.0
org.apache.commons.math.linear$ArrayRealVector#equals(java.lang.Object):834;0.0
org.apache.commons.math.linear$ArrayRealVector#equals(java.lang.Object):835;0.0
org.apache.commons.math.linear$ArrayRealVector#equals(java.lang.Object):838;0.0
org.apache.commons.math.linear$ArrayRealVector#equals(java.lang.Object):839;0.0
org.apache.commons.math.linear$ArrayRealVector#equals(java.lang.Object):840;0.0
org.apache.commons.math.linear$ArrayRealVector#equals(java.lang.Object):843;0.0
org.apache.commons.math.linear$ArrayRealVector#hashCode():854;0.0
org.apache.commons.math.linear$ArrayRealVector#hashCode():855;0.0
org.apache.commons.math.linear$ArrayRealVector#hashCode():857;0.0
org.apache.commons.math.linear$ArrayRealVector#combine(double,double,org.apache.commons.math.linear.RealVector):863;0.0
org.apache.commons.math.linear$ArrayRealVector#combineToSelf(double,double,org.apache.commons.math.linear.RealVector):869;0.0
org.apache.commons.math.linear$ArrayRealVector#combineToSelf(double,double,org.apache.commons.math.linear.RealVector):870;0.0
org.apache.commons.math.linear$ArrayRealVector#combineToSelf(double,double,org.apache.commons.math.linear.RealVector):871;0.0
org.apache.commons.math.linear$ArrayRealVector#combineToSelf(double,double,org.apache.commons.math.linear.RealVector):872;0.0
org.apache.commons.math.linear$ArrayRealVector#combineToSelf(double,double,org.apache.commons.math.linear.RealVector):873;0.0
org.apache.commons.math.linear$ArrayRealVector#combineToSelf(double,double,org.apache.commons.math.linear.RealVector):875;0.0
org.apache.commons.math.linear$ArrayRealVector#combineToSelf(double,double,org.apache.commons.math.linear.RealVector):876;0.0
org.apache.commons.math.linear$ArrayRealVector#combineToSelf(double,double,org.apache.commons.math.linear.RealVector):877;0.0
org.apache.commons.math.linear$ArrayRealVector#combineToSelf(double,double,org.apache.commons.math.linear.RealVector):878;0.0
org.apache.commons.math.linear$ArrayRealVector#combineToSelf(double,double,org.apache.commons.math.linear.RealVector):881;0.0
org.apache.commons.math.linear$RealVectorFormat#RealVectorFormat():73;0.0
org.apache.commons.math.linear$RealVectorFormat#RealVectorFormat():75;0.0
org.apache.commons.math.linear$RealVectorFormat#RealVectorFormat(java.lang.String,java.lang.String,java.lang.String):93;0.0
org.apache.commons.math.linear$RealVectorFormat#RealVectorFormat(java.lang.String,java.lang.String,java.lang.String):95;0.0
org.apache.commons.math.linear$RealVectorFormat#getAvailableLocales():122;0.0
org.apache.commons.math.linear$RealVectorFormat#getPrefix():130;0.0
org.apache.commons.math.linear$RealVectorFormat#getSuffix():138;0.0
org.apache.commons.math.linear$RealVectorFormat#getSeparator():146;0.0
org.apache.commons.math.linear$RealVectorFormat#getFormat():154;0.0
org.apache.commons.math.linear$RealVectorFormat#format(org.apache.commons.math.linear.RealVector):181;0.0
org.apache.commons.math.linear$RealVectorFormat#format(org.apache.commons.math.linear.RealVector,java.lang.StringBuffer,java.text.FieldPosition):195;0.0
org.apache.commons.math.linear$RealVectorFormat#format(org.apache.commons.math.linear.RealVector,java.lang.StringBuffer,java.text.FieldPosition):196;0.0
org.apache.commons.math.linear$RealVectorFormat#format(org.apache.commons.math.linear.RealVector,java.lang.StringBuffer,java.text.FieldPosition):199;0.0
org.apache.commons.math.linear$RealVectorFormat#format(org.apache.commons.math.linear.RealVector,java.lang.StringBuffer,java.text.FieldPosition):202;0.0
org.apache.commons.math.linear$RealVectorFormat#format(org.apache.commons.math.linear.RealVector,java.lang.StringBuffer,java.text.FieldPosition):203;0.0
org.apache.commons.math.linear$RealVectorFormat#format(org.apache.commons.math.linear.RealVector,java.lang.StringBuffer,java.text.FieldPosition):204;0.0
org.apache.commons.math.linear$RealVectorFormat#format(org.apache.commons.math.linear.RealVector,java.lang.StringBuffer,java.text.FieldPosition):206;0.0
org.apache.commons.math.linear$RealVectorFormat#format(org.apache.commons.math.linear.RealVector,java.lang.StringBuffer,java.text.FieldPosition):210;0.0
org.apache.commons.math.linear$RealVectorFormat#format(org.apache.commons.math.linear.RealVector,java.lang.StringBuffer,java.text.FieldPosition):212;0.0
org.apache.commons.math.linear$RealVectorFormat#parse(java.lang.String):224;0.0
org.apache.commons.math.linear$RealVectorFormat#parse(java.lang.String):225;0.0
org.apache.commons.math.linear$RealVectorFormat#parse(java.lang.String):226;0.0
org.apache.commons.math.linear$RealVectorFormat#parse(java.lang.String):227;0.0
org.apache.commons.math.linear$RealVectorFormat#parse(java.lang.String):231;0.0
org.apache.commons.math.linear$RealVectorFormat#parse(java.lang.String,java.text.ParsePosition):242;0.0
org.apache.commons.math.linear$RealVectorFormat#parse(java.lang.String,java.text.ParsePosition):245;0.0
org.apache.commons.math.linear$RealVectorFormat#parse(java.lang.String,java.text.ParsePosition):246;0.0
org.apache.commons.math.linear$RealVectorFormat#parse(java.lang.String,java.text.ParsePosition):247;0.0
org.apache.commons.math.linear$RealVectorFormat#parse(java.lang.String,java.text.ParsePosition):251;0.0
org.apache.commons.math.linear$RealVectorFormat#parse(java.lang.String,java.text.ParsePosition):252;0.0
org.apache.commons.math.linear$RealVectorFormat#parse(java.lang.String,java.text.ParsePosition):254;0.0
org.apache.commons.math.linear$RealVectorFormat#parse(java.lang.String,java.text.ParsePosition):255;0.0
org.apache.commons.math.linear$RealVectorFormat#parse(java.lang.String,java.text.ParsePosition):256;0.0
org.apache.commons.math.linear$RealVectorFormat#parse(java.lang.String,java.text.ParsePosition):257;0.0
org.apache.commons.math.linear$RealVectorFormat#parse(java.lang.String,java.text.ParsePosition):261;0.0
org.apache.commons.math.linear$RealVectorFormat#parse(java.lang.String,java.text.ParsePosition):262;0.0
org.apache.commons.math.linear$RealVectorFormat#parse(java.lang.String,java.text.ParsePosition):263;0.0
org.apache.commons.math.linear$RealVectorFormat#parse(java.lang.String,java.text.ParsePosition):264;0.0
org.apache.commons.math.linear$RealVectorFormat#parse(java.lang.String,java.text.ParsePosition):265;0.0
org.apache.commons.math.linear$RealVectorFormat#parse(java.lang.String,java.text.ParsePosition):269;0.0
org.apache.commons.math.linear$RealVectorFormat#parse(java.lang.String,java.text.ParsePosition):270;0.0
org.apache.commons.math.linear$RealVectorFormat#parse(java.lang.String,java.text.ParsePosition):272;0.0
org.apache.commons.math.linear$RealVectorFormat#parse(java.lang.String,java.text.ParsePosition):277;0.0
org.apache.commons.math.linear$RealVectorFormat#parse(java.lang.String,java.text.ParsePosition):278;0.0
org.apache.commons.math.linear$RealVectorFormat#parse(java.lang.String,java.text.ParsePosition):279;0.0
org.apache.commons.math.linear$RealVectorFormat#parse(java.lang.String,java.text.ParsePosition):283;0.0
org.apache.commons.math.linear$RealVectorFormat#parse(java.lang.String,java.text.ParsePosition):284;0.0
org.apache.commons.math.linear$RealVectorFormat#parse(java.lang.String,java.text.ParsePosition):285;0.0
org.apache.commons.math.linear$RealVectorFormat#parse(java.lang.String,java.text.ParsePosition):287;0.0
org.apache.commons.math.util$CompositeFormat#CompositeFormat():34;0.0
org.apache.commons.math.util$CompositeFormat#getDefaultNumberFormat():43;0.0
org.apache.commons.math.util$CompositeFormat#parseAndIgnoreWhitespace(java.lang.String,java.text.ParsePosition):68;0.0
org.apache.commons.math.util$CompositeFormat#parseAndIgnoreWhitespace(java.lang.String,java.text.ParsePosition):69;0.0
org.apache.commons.math.util$CompositeFormat#parseAndIgnoreWhitespace(java.lang.String,java.text.ParsePosition):70;0.0
org.apache.commons.math.util$CompositeFormat#parseNextCharacter(java.lang.String,java.text.ParsePosition):81;0.0
org.apache.commons.math.util$CompositeFormat#parseNextCharacter(java.lang.String,java.text.ParsePosition):82;0.0
org.apache.commons.math.util$CompositeFormat#parseNextCharacter(java.lang.String,java.text.ParsePosition):83;0.0
org.apache.commons.math.util$CompositeFormat#parseNextCharacter(java.lang.String,java.text.ParsePosition):85;0.0
org.apache.commons.math.util$CompositeFormat#parseNextCharacter(java.lang.String,java.text.ParsePosition):88;0.0
org.apache.commons.math.util$CompositeFormat#parseNextCharacter(java.lang.String,java.text.ParsePosition):89;0.0
org.apache.commons.math.util$CompositeFormat#parseNextCharacter(java.lang.String,java.text.ParsePosition):90;0.0
org.apache.commons.math.util$CompositeFormat#parseNextCharacter(java.lang.String,java.text.ParsePosition):92;0.0
org.apache.commons.math.util$CompositeFormat#parseNextCharacter(java.lang.String,java.text.ParsePosition):93;0.0
org.apache.commons.math.util$CompositeFormat#parseNextCharacter(java.lang.String,java.text.ParsePosition):97;0.0
org.apache.commons.math.util$CompositeFormat#parseNumber(java.lang.String,double,java.text.ParsePosition):111;0.0
org.apache.commons.math.util$CompositeFormat#parseNumber(java.lang.String,double,java.text.ParsePosition):113;0.0
org.apache.commons.math.util$CompositeFormat#parseNumber(java.lang.String,double,java.text.ParsePosition):114;0.0
org.apache.commons.math.util$CompositeFormat#parseNumber(java.lang.String,double,java.text.ParsePosition):115;0.0
org.apache.commons.math.util$CompositeFormat#parseNumber(java.lang.String,double,java.text.ParsePosition):116;0.0
org.apache.commons.math.util$CompositeFormat#parseNumber(java.lang.String,double,java.text.ParsePosition):118;0.0
org.apache.commons.math.util$CompositeFormat#parseNumber(java.lang.String,double,java.text.ParsePosition):119;0.0
org.apache.commons.math.util$CompositeFormat#parseNumber(java.lang.String,double,java.text.ParsePosition):120;0.0
org.apache.commons.math.util$CompositeFormat#parseNumber(java.lang.String,double,java.text.ParsePosition):121;0.0
org.apache.commons.math.util$CompositeFormat#parseNumber(java.lang.String,double,java.text.ParsePosition):122;0.0
org.apache.commons.math.util$CompositeFormat#parseNumber(java.lang.String,double,java.text.ParsePosition):123;0.0
org.apache.commons.math.util$CompositeFormat#parseNumber(java.lang.String,double,java.text.ParsePosition):124;0.0
org.apache.commons.math.util$CompositeFormat#parseNumber(java.lang.String,double,java.text.ParsePosition):128;0.0
org.apache.commons.math.util$CompositeFormat#parseNumber(java.lang.String,java.text.NumberFormat,java.text.ParsePosition):143;0.0
org.apache.commons.math.util$CompositeFormat#parseNumber(java.lang.String,java.text.NumberFormat,java.text.ParsePosition):144;0.0
org.apache.commons.math.util$CompositeFormat#parseNumber(java.lang.String,java.text.NumberFormat,java.text.ParsePosition):145;0.0
org.apache.commons.math.util$CompositeFormat#parseNumber(java.lang.String,java.text.NumberFormat,java.text.ParsePosition):148;0.0
org.apache.commons.math.util$CompositeFormat#parseNumber(java.lang.String,java.text.NumberFormat,java.text.ParsePosition):150;0.0
org.apache.commons.math.util$CompositeFormat#parseNumber(java.lang.String,java.text.NumberFormat,java.text.ParsePosition):153;0.0
org.apache.commons.math.util$CompositeFormat#parseNumber(java.lang.String,java.text.NumberFormat,java.text.ParsePosition):154;0.0
org.apache.commons.math.util$CompositeFormat#parseNumber(java.lang.String,java.text.NumberFormat,java.text.ParsePosition):155;0.0
org.apache.commons.math.util$CompositeFormat#parseNumber(java.lang.String,java.text.NumberFormat,java.text.ParsePosition):156;0.0
org.apache.commons.math.util$CompositeFormat#parseNumber(java.lang.String,java.text.NumberFormat,java.text.ParsePosition):161;0.0
org.apache.commons.math.util$CompositeFormat#parseFixedstring(java.lang.String,java.lang.String,java.text.ParsePosition):175;0.0
org.apache.commons.math.util$CompositeFormat#parseFixedstring(java.lang.String,java.lang.String,java.text.ParsePosition):176;0.0
org.apache.commons.math.util$CompositeFormat#parseFixedstring(java.lang.String,java.lang.String,java.text.ParsePosition):177;0.0
org.apache.commons.math.util$CompositeFormat#parseFixedstring(java.lang.String,java.lang.String,java.text.ParsePosition):181;0.0
org.apache.commons.math.util$CompositeFormat#parseFixedstring(java.lang.String,java.lang.String,java.text.ParsePosition):182;0.0
org.apache.commons.math.util$CompositeFormat#parseFixedstring(java.lang.String,java.lang.String,java.text.ParsePosition):183;0.0
org.apache.commons.math.util$CompositeFormat#parseFixedstring(java.lang.String,java.lang.String,java.text.ParsePosition):187;0.0
org.apache.commons.math.util$CompositeFormat#parseFixedstring(java.lang.String,java.lang.String,java.text.ParsePosition):188;0.0
org.apache.commons.math.util$CompositeFormat#formatDouble(double,java.text.NumberFormat,java.lang.StringBuffer,java.text.FieldPosition):211;0.0
org.apache.commons.math.util$CompositeFormat#formatDouble(double,java.text.NumberFormat,java.lang.StringBuffer,java.text.FieldPosition):212;0.0
org.apache.commons.math.util$CompositeFormat#formatDouble(double,java.text.NumberFormat,java.lang.StringBuffer,java.text.FieldPosition):213;0.0
org.apache.commons.math.util$CompositeFormat#formatDouble(double,java.text.NumberFormat,java.lang.StringBuffer,java.text.FieldPosition):214;0.0
org.apache.commons.math.util$CompositeFormat#formatDouble(double,java.text.NumberFormat,java.lang.StringBuffer,java.text.FieldPosition):216;0.0
org.apache.commons.math.util$CompositeFormat#formatDouble(double,java.text.NumberFormat,java.lang.StringBuffer,java.text.FieldPosition):218;0.0
org.apache.commons.math.optimization.linear$LinearObjectiveFunction#getValue(org.apache.commons.math.linear.RealVector):101;0.0
org.apache.commons.math.optimization.linear$LinearObjectiveFunction#equals(java.lang.Object):108;0.0
org.apache.commons.math.optimization.linear$LinearObjectiveFunction#equals(java.lang.Object):109;0.0
org.apache.commons.math.optimization.linear$LinearObjectiveFunction#equals(java.lang.Object):112;0.0
org.apache.commons.math.optimization.linear$LinearObjectiveFunction#equals(java.lang.Object):113;0.0
org.apache.commons.math.optimization.linear$LinearObjectiveFunction#equals(java.lang.Object):114;0.0
org.apache.commons.math.optimization.linear$LinearObjectiveFunction#equals(java.lang.Object):117;0.0
org.apache.commons.math.optimization.linear$LinearObjectiveFunction#hashCode():123;0.0
org.apache.commons.math.optimization.linear$LinearObjectiveFunction#writeObject(java.io.ObjectOutputStream):132;0.0
org.apache.commons.math.optimization.linear$LinearObjectiveFunction#writeObject(java.io.ObjectOutputStream):133;0.0
org.apache.commons.math.optimization.linear$LinearObjectiveFunction#writeObject(java.io.ObjectOutputStream):134;0.0
org.apache.commons.math.optimization.linear$LinearObjectiveFunction#readObject(java.io.ObjectInputStream):143;0.0
org.apache.commons.math.optimization.linear$LinearObjectiveFunction#readObject(java.io.ObjectInputStream):144;0.0
org.apache.commons.math.optimization.linear$LinearObjectiveFunction#readObject(java.io.ObjectInputStream):145;0.0
org.apache.commons.math.optimization.linear$LinearConstraint#LinearConstraint(double[],double,org.apache.commons.math.optimization.linear.Relationship,double[],double):126;0.0
org.apache.commons.math.optimization.linear$LinearConstraint#LinearConstraint(double[],double,org.apache.commons.math.optimization.linear.Relationship,double[],double):127;0.0
org.apache.commons.math.optimization.linear$LinearConstraint#LinearConstraint(double[],double,org.apache.commons.math.optimization.linear.Relationship,double[],double):128;0.0
org.apache.commons.math.optimization.linear$LinearConstraint#LinearConstraint(double[],double,org.apache.commons.math.optimization.linear.Relationship,double[],double):129;0.0
org.apache.commons.math.optimization.linear$LinearConstraint#LinearConstraint(double[],double,org.apache.commons.math.optimization.linear.Relationship,double[],double):131;0.0
org.apache.commons.math.optimization.linear$LinearConstraint#LinearConstraint(double[],double,org.apache.commons.math.optimization.linear.Relationship,double[],double):132;0.0
org.apache.commons.math.optimization.linear$LinearConstraint#LinearConstraint(double[],double,org.apache.commons.math.optimization.linear.Relationship,double[],double):133;0.0
org.apache.commons.math.optimization.linear$LinearConstraint#LinearConstraint(double[],double,org.apache.commons.math.optimization.linear.Relationship,double[],double):134;0.0
org.apache.commons.math.optimization.linear$LinearConstraint#LinearConstraint(org.apache.commons.math.linear.RealVector,double,org.apache.commons.math.optimization.linear.Relationship,org.apache.commons.math.linear.RealVector,double):157;0.0
org.apache.commons.math.optimization.linear$LinearConstraint#LinearConstraint(org.apache.commons.math.linear.RealVector,double,org.apache.commons.math.optimization.linear.Relationship,org.apache.commons.math.linear.RealVector,double):158;0.0
org.apache.commons.math.optimization.linear$LinearConstraint#LinearConstraint(org.apache.commons.math.linear.RealVector,double,org.apache.commons.math.optimization.linear.Relationship,org.apache.commons.math.linear.RealVector,double):159;0.0
org.apache.commons.math.optimization.linear$LinearConstraint#LinearConstraint(org.apache.commons.math.linear.RealVector,double,org.apache.commons.math.optimization.linear.Relationship,org.apache.commons.math.linear.RealVector,double):160;0.0
org.apache.commons.math.optimization.linear$LinearConstraint#LinearConstraint(org.apache.commons.math.linear.RealVector,double,org.apache.commons.math.optimization.linear.Relationship,org.apache.commons.math.linear.RealVector,double):161;0.0
org.apache.commons.math.optimization.linear$LinearConstraint#equals(java.lang.Object):191;0.0
org.apache.commons.math.optimization.linear$LinearConstraint#equals(java.lang.Object):192;0.0
org.apache.commons.math.optimization.linear$LinearConstraint#equals(java.lang.Object):195;0.0
org.apache.commons.math.optimization.linear$LinearConstraint#equals(java.lang.Object):196;0.0
org.apache.commons.math.optimization.linear$LinearConstraint#equals(java.lang.Object):197;0.0
org.apache.commons.math.optimization.linear$LinearConstraint#equals(java.lang.Object):201;0.0
org.apache.commons.math.optimization.linear$LinearConstraint#hashCode():207;0.0
org.apache.commons.math.optimization.linear$LinearConstraint#writeObject(java.io.ObjectOutputStream):218;0.0
org.apache.commons.math.optimization.linear$LinearConstraint#writeObject(java.io.ObjectOutputStream):219;0.0
org.apache.commons.math.optimization.linear$LinearConstraint#writeObject(java.io.ObjectOutputStream):220;0.0
org.apache.commons.math.optimization.linear$LinearConstraint#readObject(java.io.ObjectInputStream):229;0.0
org.apache.commons.math.optimization.linear$LinearConstraint#readObject(java.io.ObjectInputStream):230;0.0
org.apache.commons.math.optimization.linear$LinearConstraint#readObject(java.io.ObjectInputStream):231;0.0
org.apache.commons.math.optimization.linear$Relationship#toString():49;0.0
org.apache.commons.math.optimization.linear$Relationship#oppositeRelationship():57;0.0
org.apache.commons.math.optimization.linear$Relationship#oppositeRelationship():59;0.0
org.apache.commons.math.optimization.linear$Relationship#oppositeRelationship():61;0.0
org.apache.commons.math.optimization.linear$Relationship#oppositeRelationship():63;0.0
org.apache.commons.math.optimization.linear$SimplexTableau#SimplexTableau(org.apache.commons.math.optimization.linear.LinearObjectiveFunction,java.util.Collection,org.apache.commons.math.optimization.GoalType,boolean,double):117;0.0
org.apache.commons.math.optimization.linear$SimplexTableau#SimplexTableau(org.apache.commons.math.optimization.linear.LinearObjectiveFunction,java.util.Collection,org.apache.commons.math.optimization.GoalType,boolean,double):118;0.0
org.apache.commons.math.optimization.linear$SimplexTableau#initializeColumnLabels():162;0.0
org.apache.commons.math.optimization.linear$SimplexTableau#initializeColumnLabels():165;0.0
org.apache.commons.math.optimization.linear$SimplexTableau#createTableau(boolean):199;0.0
org.apache.commons.math.optimization.linear$SimplexTableau#createTableau(boolean):215;0.0
org.apache.commons.math.optimization.linear$SimplexTableau#createTableau(boolean):224;0.0
org.apache.commons.math.optimization.linear$SimplexTableau#createTableau(boolean):226;0.0
org.apache.commons.math.optimization.linear$SimplexTableau#normalize(org.apache.commons.math.optimization.linear.LinearConstraint):261;0.0
org.apache.commons.math.optimization.linear$SimplexTableau#getInvertedCoefficientSum(org.apache.commons.math.linear.RealVector):298;0.0
org.apache.commons.math.optimization.linear$SimplexTableau#getInvertedCoefficientSum(org.apache.commons.math.linear.RealVector):299;0.0
org.apache.commons.math.optimization.linear$SimplexTableau#getInvertedCoefficientSum(org.apache.commons.math.linear.RealVector):300;0.0
org.apache.commons.math.optimization.linear$SimplexTableau#getInvertedCoefficientSum(org.apache.commons.math.linear.RealVector):302;0.0
org.apache.commons.math.optimization.linear$SimplexTableau#dropPhase1Objective():329;0.0
org.apache.commons.math.optimization.linear$SimplexTableau#dropPhase1Objective():339;0.0
org.apache.commons.math.optimization.linear$SimplexTableau#getSolution():406;0.0
org.apache.commons.math.optimization.linear$SimplexTableau#getSolution():407;0.0
org.apache.commons.math.optimization.linear$SimplexTableau#getSolution():416;0.0
org.apache.commons.math.optimization.linear$SimplexTableau#setEntry(int,int,double):490;0.0
org.apache.commons.math.optimization.linear$SimplexTableau#setEntry(int,int,double):491;0.0
org.apache.commons.math.optimization.linear$SimplexTableau#getSlackVariableOffset():498;0.0
org.apache.commons.math.optimization.linear$SimplexTableau#getNumDecisionVariables():528;0.0
org.apache.commons.math.optimization.linear$SimplexTableau#getData():561;0.0
org.apache.commons.math.optimization.linear$SimplexTableau#equals(java.lang.Object):568;0.0
org.apache.commons.math.optimization.linear$SimplexTableau#equals(java.lang.Object):569;0.0
org.apache.commons.math.optimization.linear$SimplexTableau#equals(java.lang.Object):572;0.0
org.apache.commons.math.optimization.linear$SimplexTableau#equals(java.lang.Object):573;0.0
org.apache.commons.math.optimization.linear$SimplexTableau#equals(java.lang.Object):574;0.0
org.apache.commons.math.optimization.linear$SimplexTableau#equals(java.lang.Object):584;0.0
org.apache.commons.math.optimization.linear$SimplexTableau#hashCode():590;0.0
org.apache.commons.math.optimization.linear$SimplexTableau#writeObject(java.io.ObjectOutputStream):607;0.0
org.apache.commons.math.optimization.linear$SimplexTableau#writeObject(java.io.ObjectOutputStream):608;0.0
org.apache.commons.math.optimization.linear$SimplexTableau#writeObject(java.io.ObjectOutputStream):609;0.0
org.apache.commons.math.optimization.linear$SimplexTableau#readObject(java.io.ObjectInputStream):618;0.0
org.apache.commons.math.optimization.linear$SimplexTableau#readObject(java.io.ObjectInputStream):619;0.0
org.apache.commons.math.optimization.linear$SimplexTableau#readObject(java.io.ObjectInputStream):620;0.0
org.apache.commons.math.optimization.linear$AbstractLinearOptimizer#getMaxIterations():84;0.0
org.apache.commons.math.optimization.linear$AbstractLinearOptimizer#getIterations():89;0.0
org.apache.commons.math.optimization.linear$AbstractLinearOptimizer#incrementIterationsCounter():99;0.0
org.apache.commons.math.optimization.linear$SimplexSolver#getPivotRow(org.apache.commons.math.optimization.linear.SimplexTableau,int):100;0.0
org.apache.commons.math.optimization.linear$SimplexSolver#getPivotRow(org.apache.commons.math.optimization.linear.SimplexTableau,int):110;0.0
org.apache.commons.math.optimization.linear$SimplexSolver#getPivotRow(org.apache.commons.math.optimization.linear.SimplexTableau,int):114;0.0
org.apache.commons.math.optimization.linear$SimplexSolver#getPivotRow(org.apache.commons.math.optimization.linear.SimplexTableau,int):115;0.0
org.apache.commons.math.optimization.linear$SimplexSolver#getPivotRow(org.apache.commons.math.optimization.linear.SimplexTableau,int):116;0.0
org.apache.commons.math.optimization.linear$SimplexSolver#getPivotRow(org.apache.commons.math.optimization.linear.SimplexTableau,int):117;0.0
org.apache.commons.math.optimization.linear$SimplexSolver#getPivotRow(org.apache.commons.math.optimization.linear.SimplexTableau,int):118;0.0
org.apache.commons.math.optimization.linear$SimplexSolver#getPivotRow(org.apache.commons.math.optimization.linear.SimplexTableau,int):120;0.0
org.apache.commons.math.optimization.linear$SimplexSolver#getPivotRow(org.apache.commons.math.optimization.linear.SimplexTableau,int):123;0.0
org.apache.commons.math.optimization.linear$SimplexSolver#doIteration(org.apache.commons.math.optimization.linear.SimplexTableau):142;0.0
org.apache.commons.math.optimization.linear$SimplexSolver#solvePhase1(org.apache.commons.math.optimization.linear.SimplexTableau):170;0.0
org.apache.commons.math.optimization.linear$SimplexSolver#solvePhase1(org.apache.commons.math.optimization.linear.SimplexTableau):179;0.0
org.apache.commons.math.optimization.linear$SimplexSolver#doOptimize():195;0.0
org.apache.commons.math.optimization.linear$UnboundedSolutionException#UnboundedSolutionException():38;0.0
org.apache.commons.math.optimization.linear$UnboundedSolutionException#UnboundedSolutionException():39;0.0
org.apache.commons.math.optimization.linear$Relationship$1#<clinit>():57;0.0
org.apache.commons.math.optimization.linear$NoFeasibleSolutionException#NoFeasibleSolutionException():38;0.0
org.apache.commons.math.optimization.linear$NoFeasibleSolutionException#NoFeasibleSolutionException():39;0.0
org.apache.commons.math.linear$AbstractRealMatrix$2#start(int,int,int,int,int,int):279;0.0
org.apache.commons.math.linear$AbstractRealMatrix$2#start(int,int,int,int,int,int):280;0.0
org.apache.commons.math.linear$AbstractRealMatrix$2#visit(int,int,double):284;0.0
org.apache.commons.math.linear$AbstractRealMatrix$2#visit(int,int,double):285;0.0
org.apache.commons.math.linear$AbstractRealMatrix$2#end():289;0.0
org.apache.commons.math.exception$MultiDimensionMismatchException#MultiDimensionMismatchException(java.lang.Integer[],java.lang.Integer[]):45;0.0
org.apache.commons.math.exception$MultiDimensionMismatchException#MultiDimensionMismatchException(java.lang.Integer[],java.lang.Integer[]):46;0.0
org.apache.commons.math.exception$MultiDimensionMismatchException#MultiDimensionMismatchException(org.apache.commons.math.exception.util.Localizable,java.lang.Integer[],java.lang.Integer[]):59;0.0
org.apache.commons.math.exception$MultiDimensionMismatchException#MultiDimensionMismatchException(org.apache.commons.math.exception.util.Localizable,java.lang.Integer[],java.lang.Integer[]):60;0.0
org.apache.commons.math.exception$MultiDimensionMismatchException#MultiDimensionMismatchException(org.apache.commons.math.exception.util.Localizable,java.lang.Integer[],java.lang.Integer[]):61;0.0
org.apache.commons.math.exception$MultiDimensionMismatchException#MultiDimensionMismatchException(org.apache.commons.math.exception.util.Localizable,java.lang.Integer[],java.lang.Integer[]):62;0.0
org.apache.commons.math.exception$MultiDimensionMismatchException#getWrongDimensions():68;0.0
org.apache.commons.math.exception$MultiDimensionMismatchException#getExpectedDimensions():74;0.0
org.apache.commons.math.exception$MultiDimensionMismatchException#getWrongDimension(int):82;0.0
org.apache.commons.math.exception$MultiDimensionMismatchException#getExpectedDimension(int):89;0.0
org.apache.commons.math.exception$NoDataException#NoDataException():37;0.0
org.apache.commons.math.exception$NoDataException#NoDataException():38;0.0
org.apache.commons.math.exception$NoDataException#NoDataException(org.apache.commons.math.exception.util.Localizable):45;0.0
org.apache.commons.math.exception$NoDataException#NoDataException(org.apache.commons.math.exception.util.Localizable):46;0.0
org.apache.commons.math.linear$RealVector$2#mapToSelf(org.apache.commons.math.analysis.UnivariateFunction):953;0.0
org.apache.commons.math.linear$RealVector$2#map(org.apache.commons.math.analysis.UnivariateFunction):959;0.0
org.apache.commons.math.linear$RealVector$2#iterator():965;0.0
org.apache.commons.math.linear$RealVector$2#iterator():966;0.0
org.apache.commons.math.linear$RealVector$2#sparseIterator():991;0.0
org.apache.commons.math.linear$RealVector$2#sparseIterator():993;0.0
org.apache.commons.math.linear$RealVector$2#copy():1018;0.0
org.apache.commons.math.linear$RealVector$2#add(org.apache.commons.math.linear.RealVector):1024;0.0
org.apache.commons.math.linear$RealVector$2#subtract(org.apache.commons.math.linear.RealVector):1030;0.0
org.apache.commons.math.linear$RealVector$2#mapAdd(double):1036;0.0
org.apache.commons.math.linear$RealVector$2#mapAddToSelf(double):1042;0.0
org.apache.commons.math.linear$RealVector$2#mapSubtract(double):1048;0.0
org.apache.commons.math.linear$RealVector$2#mapSubtractToSelf(double):1054;0.0
org.apache.commons.math.linear$RealVector$2#mapMultiply(double):1060;0.0
org.apache.commons.math.linear$RealVector$2#mapMultiplyToSelf(double):1066;0.0
org.apache.commons.math.linear$RealVector$2#mapDivide(double):1072;0.0
org.apache.commons.math.linear$RealVector$2#mapDivideToSelf(double):1078;0.0
org.apache.commons.math.linear$RealVector$2#ebeMultiply(org.apache.commons.math.linear.RealVector):1084;0.0
org.apache.commons.math.linear$RealVector$2#ebeDivide(org.apache.commons.math.linear.RealVector):1090;0.0
org.apache.commons.math.linear$RealVector$2#dotProduct(org.apache.commons.math.linear.RealVector):1096;0.0
org.apache.commons.math.linear$RealVector$2#cosine(org.apache.commons.math.linear.RealVector):1102;0.0
org.apache.commons.math.linear$RealVector$2#getNorm():1108;0.0
org.apache.commons.math.linear$RealVector$2#getL1Norm():1114;0.0
org.apache.commons.math.linear$RealVector$2#getLInfNorm():1120;0.0
org.apache.commons.math.linear$RealVector$2#getDistance(org.apache.commons.math.linear.RealVector):1126;0.0
org.apache.commons.math.linear$RealVector$2#getL1Distance(org.apache.commons.math.linear.RealVector):1132;0.0
org.apache.commons.math.linear$RealVector$2#getLInfDistance(org.apache.commons.math.linear.RealVector):1138;0.0
org.apache.commons.math.linear$RealVector$2#unitVector():1144;0.0
org.apache.commons.math.linear$RealVector$2#unitize():1150;0.0
org.apache.commons.math.linear$RealVector$2#projection(org.apache.commons.math.linear.RealVector):1156;0.0
org.apache.commons.math.linear$RealVector$2#outerProduct(org.apache.commons.math.linear.RealVector):1162;0.0
org.apache.commons.math.linear$RealVector$2#getEntry(int):1168;0.0
org.apache.commons.math.linear$RealVector$2#setEntry(int,double):1174;0.0
org.apache.commons.math.linear$RealVector$2#addToEntry(int,double):1180;0.0
org.apache.commons.math.linear$RealVector$2#getDimension():1186;0.0
org.apache.commons.math.linear$RealVector$2#append(org.apache.commons.math.linear.RealVector):1192;0.0
org.apache.commons.math.linear$RealVector$2#append(double):1198;0.0
org.apache.commons.math.linear$RealVector$2#getSubVector(int,int):1204;0.0
org.apache.commons.math.linear$RealVector$2#setSubVector(int,org.apache.commons.math.linear.RealVector):1210;0.0
org.apache.commons.math.linear$RealVector$2#set(double):1216;0.0
org.apache.commons.math.linear$RealVector$2#toArray():1222;0.0
org.apache.commons.math.linear$RealVector$2#isNaN():1228;0.0
org.apache.commons.math.linear$RealVector$2#isInfinite():1234;0.0
org.apache.commons.math.linear$RealVector$2#combine(double,double,org.apache.commons.math.linear.RealVector):1240;0.0
org.apache.commons.math.linear$RealVector$2#combineToSelf(double,double,org.apache.commons.math.linear.RealVector):1246;0.0
org.apache.commons.math.linear$AbstractFieldMatrix#AbstractFieldMatrix():52;0.0
org.apache.commons.math.linear$AbstractFieldMatrix#AbstractFieldMatrix():53;0.0
org.apache.commons.math.linear$AbstractFieldMatrix#AbstractFieldMatrix():54;0.0
org.apache.commons.math.linear$AbstractFieldMatrix#AbstractFieldMatrix(org.apache.commons.math.Field):60;0.0
org.apache.commons.math.linear$AbstractFieldMatrix#AbstractFieldMatrix(org.apache.commons.math.Field):61;0.0
org.apache.commons.math.linear$AbstractFieldMatrix#AbstractFieldMatrix(org.apache.commons.math.Field):62;0.0
org.apache.commons.math.linear$AbstractFieldMatrix#AbstractFieldMatrix(org.apache.commons.math.Field,int,int):75;0.0
org.apache.commons.math.linear$AbstractFieldMatrix#AbstractFieldMatrix(org.apache.commons.math.Field,int,int):76;0.0
org.apache.commons.math.linear$AbstractFieldMatrix#AbstractFieldMatrix(org.apache.commons.math.Field,int,int):77;0.0
org.apache.commons.math.linear$AbstractFieldMatrix#AbstractFieldMatrix(org.apache.commons.math.Field,int,int):80;0.0
org.apache.commons.math.linear$AbstractFieldMatrix#AbstractFieldMatrix(org.apache.commons.math.Field,int,int):81;0.0
org.apache.commons.math.linear$AbstractFieldMatrix#AbstractFieldMatrix(org.apache.commons.math.Field,int,int):84;0.0
org.apache.commons.math.linear$AbstractFieldMatrix#AbstractFieldMatrix(org.apache.commons.math.Field,int,int):85;0.0
org.apache.commons.math.linear$AbstractFieldMatrix#extractField(org.apache.commons.math.FieldElement[][]):97;0.0
org.apache.commons.math.linear$AbstractFieldMatrix#extractField(org.apache.commons.math.FieldElement[][]):98;0.0
org.apache.commons.math.linear$AbstractFieldMatrix#extractField(org.apache.commons.math.FieldElement[][]):100;0.0
org.apache.commons.math.linear$AbstractFieldMatrix#extractField(org.apache.commons.math.FieldElement[][]):101;0.0
org.apache.commons.math.linear$AbstractFieldMatrix#extractField(org.apache.commons.math.FieldElement[][]):103;0.0
org.apache.commons.math.linear$AbstractFieldMatrix#extractField(org.apache.commons.math.FieldElement[][]):104;0.0
org.apache.commons.math.linear$AbstractFieldMatrix#extractField(org.apache.commons.math.FieldElement[][]):106;0.0
org.apache.commons.math.linear$AbstractFieldMatrix#extractField(org.apache.commons.math.FieldElement[]):118;0.0
org.apache.commons.math.linear$AbstractFieldMatrix#extractField(org.apache.commons.math.FieldElement[]):119;0.0
org.apache.commons.math.linear$AbstractFieldMatrix#extractField(org.apache.commons.math.FieldElement[]):121;0.0
org.apache.commons.math.linear$AbstractFieldMatrix#buildArray(org.apache.commons.math.Field,int,int):139;0.0
org.apache.commons.math.linear$AbstractFieldMatrix#buildArray(org.apache.commons.math.Field,int,int):140;0.0
org.apache.commons.math.linear$AbstractFieldMatrix#buildArray(org.apache.commons.math.Field,int,int):141;0.0
org.apache.commons.math.linear$AbstractFieldMatrix#buildArray(org.apache.commons.math.Field,int,int):143;0.0
org.apache.commons.math.linear$AbstractFieldMatrix#buildArray(org.apache.commons.math.Field,int,int):145;0.0
org.apache.commons.math.linear$AbstractFieldMatrix#buildArray(org.apache.commons.math.Field,int,int):146;0.0
org.apache.commons.math.linear$AbstractFieldMatrix#buildArray(org.apache.commons.math.Field,int,int):148;0.0
org.apache.commons.math.linear$AbstractFieldMatrix#buildArray(org.apache.commons.math.Field,int):163;0.0
org.apache.commons.math.linear$AbstractFieldMatrix#buildArray(org.apache.commons.math.Field,int):164;0.0
org.apache.commons.math.linear$AbstractFieldMatrix#buildArray(org.apache.commons.math.Field,int):165;0.0
org.apache.commons.math.linear$AbstractFieldMatrix#getField():170;0.0
org.apache.commons.math.linear$AbstractFieldMatrix#add(org.apache.commons.math.linear.FieldMatrix):182;0.0
org.apache.commons.math.linear$AbstractFieldMatrix#add(org.apache.commons.math.linear.FieldMatrix):184;0.0
org.apache.commons.math.linear$AbstractFieldMatrix#add(org.apache.commons.math.linear.FieldMatrix):185;0.0
org.apache.commons.math.linear$AbstractFieldMatrix#add(org.apache.commons.math.linear.FieldMatrix):186;0.0
org.apache.commons.math.linear$AbstractFieldMatrix#add(org.apache.commons.math.linear.FieldMatrix):187;0.0
org.apache.commons.math.linear$AbstractFieldMatrix#add(org.apache.commons.math.linear.FieldMatrix):188;0.0
org.apache.commons.math.linear$AbstractFieldMatrix#add(org.apache.commons.math.linear.FieldMatrix):189;0.0
org.apache.commons.math.linear$AbstractFieldMatrix#add(org.apache.commons.math.linear.FieldMatrix):193;0.0
org.apache.commons.math.linear$AbstractFieldMatrix#subtract(org.apache.commons.math.linear.FieldMatrix):199;0.0
org.apache.commons.math.linear$AbstractFieldMatrix#subtract(org.apache.commons.math.linear.FieldMatrix):201;0.0
org.apache.commons.math.linear$AbstractFieldMatrix#subtract(org.apache.commons.math.linear.FieldMatrix):202;0.0
org.apache.commons.math.linear$AbstractFieldMatrix#subtract(org.apache.commons.math.linear.FieldMatrix):203;0.0
org.apache.commons.math.linear$AbstractFieldMatrix#subtract(org.apache.commons.math.linear.FieldMatrix):204;0.0
org.apache.commons.math.linear$AbstractFieldMatrix#subtract(org.apache.commons.math.linear.FieldMatrix):205;0.0
org.apache.commons.math.linear$AbstractFieldMatrix#subtract(org.apache.commons.math.linear.FieldMatrix):206;0.0
org.apache.commons.math.linear$AbstractFieldMatrix#subtract(org.apache.commons.math.linear.FieldMatrix):210;0.0
org.apache.commons.math.linear$AbstractFieldMatrix#scalarAdd(org.apache.commons.math.FieldElement):216;0.0
org.apache.commons.math.linear$AbstractFieldMatrix#scalarAdd(org.apache.commons.math.FieldElement):217;0.0
org.apache.commons.math.linear$AbstractFieldMatrix#scalarAdd(org.apache.commons.math.FieldElement):218;0.0
org.apache.commons.math.linear$AbstractFieldMatrix#scalarAdd(org.apache.commons.math.FieldElement):219;0.0
org.apache.commons.math.linear$AbstractFieldMatrix#scalarAdd(org.apache.commons.math.FieldElement):220;0.0
org.apache.commons.math.linear$AbstractFieldMatrix#scalarAdd(org.apache.commons.math.FieldElement):221;0.0
org.apache.commons.math.linear$AbstractFieldMatrix#scalarAdd(org.apache.commons.math.FieldElement):225;0.0
org.apache.commons.math.linear$AbstractFieldMatrix#scalarMultiply(org.apache.commons.math.FieldElement):230;0.0
org.apache.commons.math.linear$AbstractFieldMatrix#scalarMultiply(org.apache.commons.math.FieldElement):231;0.0
org.apache.commons.math.linear$AbstractFieldMatrix#scalarMultiply(org.apache.commons.math.FieldElement):232;0.0
org.apache.commons.math.linear$AbstractFieldMatrix#scalarMultiply(org.apache.commons.math.FieldElement):233;0.0
org.apache.commons.math.linear$AbstractFieldMatrix#scalarMultiply(org.apache.commons.math.FieldElement):234;0.0
org.apache.commons.math.linear$AbstractFieldMatrix#scalarMultiply(org.apache.commons.math.FieldElement):235;0.0
org.apache.commons.math.linear$AbstractFieldMatrix#scalarMultiply(org.apache.commons.math.FieldElement):239;0.0
org.apache.commons.math.linear$AbstractFieldMatrix#multiply(org.apache.commons.math.linear.FieldMatrix):245;0.0
org.apache.commons.math.linear$AbstractFieldMatrix#multiply(org.apache.commons.math.linear.FieldMatrix):247;0.0
org.apache.commons.math.linear$AbstractFieldMatrix#multiply(org.apache.commons.math.linear.FieldMatrix):248;0.0
org.apache.commons.math.linear$AbstractFieldMatrix#multiply(org.apache.commons.math.linear.FieldMatrix):249;0.0
org.apache.commons.math.linear$AbstractFieldMatrix#multiply(org.apache.commons.math.linear.FieldMatrix):250;0.0
org.apache.commons.math.linear$AbstractFieldMatrix#multiply(org.apache.commons.math.linear.FieldMatrix):251;0.0
org.apache.commons.math.linear$AbstractFieldMatrix#multiply(org.apache.commons.math.linear.FieldMatrix):252;0.0
org.apache.commons.math.linear$AbstractFieldMatrix#multiply(org.apache.commons.math.linear.FieldMatrix):253;0.0
org.apache.commons.math.linear$AbstractFieldMatrix#multiply(org.apache.commons.math.linear.FieldMatrix):254;0.0
org.apache.commons.math.linear$AbstractFieldMatrix#multiply(org.apache.commons.math.linear.FieldMatrix):255;0.0
org.apache.commons.math.linear$AbstractFieldMatrix#multiply(org.apache.commons.math.linear.FieldMatrix):257;0.0
org.apache.commons.math.linear$AbstractFieldMatrix#multiply(org.apache.commons.math.linear.FieldMatrix):261;0.0
org.apache.commons.math.linear$AbstractFieldMatrix#preMultiply(org.apache.commons.math.linear.FieldMatrix):266;0.0
org.apache.commons.math.linear$AbstractFieldMatrix#power(int):271;0.0
org.apache.commons.math.linear$AbstractFieldMatrix#power(int):272;0.0
org.apache.commons.math.linear$AbstractFieldMatrix#power(int):275;0.0
org.apache.commons.math.linear$AbstractFieldMatrix#power(int):276;0.0
org.apache.commons.math.linear$AbstractFieldMatrix#power(int):279;0.0
org.apache.commons.math.linear$AbstractFieldMatrix#power(int):280;0.0
org.apache.commons.math.linear$AbstractFieldMatrix#power(int):283;0.0
org.apache.commons.math.linear$AbstractFieldMatrix#power(int):284;0.0
org.apache.commons.math.linear$AbstractFieldMatrix#power(int):287;0.0
org.apache.commons.math.linear$AbstractFieldMatrix#power(int):296;0.0
org.apache.commons.math.linear$AbstractFieldMatrix#power(int):298;0.0
org.apache.commons.math.linear$AbstractFieldMatrix#power(int):300;0.0
org.apache.commons.math.linear$AbstractFieldMatrix#power(int):301;0.0
org.apache.commons.math.linear$AbstractFieldMatrix#power(int):302;0.0
org.apache.commons.math.linear$AbstractFieldMatrix#power(int):303;0.0
org.apache.commons.math.linear$AbstractFieldMatrix#power(int):307;0.0
org.apache.commons.math.linear$AbstractFieldMatrix#power(int):310;0.0
org.apache.commons.math.linear$AbstractFieldMatrix#power(int):312;0.0
org.apache.commons.math.linear$AbstractFieldMatrix#power(int):313;0.0
org.apache.commons.math.linear$AbstractFieldMatrix#power(int):314;0.0
org.apache.commons.math.linear$AbstractFieldMatrix#power(int):315;0.0
org.apache.commons.math.linear$AbstractFieldMatrix#power(int):318;0.0
org.apache.commons.math.linear$AbstractFieldMatrix#power(int):320;0.0
org.apache.commons.math.linear$AbstractFieldMatrix#power(int):321;0.0
org.apache.commons.math.linear$AbstractFieldMatrix#power(int):322;0.0
org.apache.commons.math.linear$AbstractFieldMatrix#power(int):324;0.0
org.apache.commons.math.linear$AbstractFieldMatrix#getData():329;0.0
org.apache.commons.math.linear$AbstractFieldMatrix#getData():331;0.0
org.apache.commons.math.linear$AbstractFieldMatrix#getData():332;0.0
org.apache.commons.math.linear$AbstractFieldMatrix#getData():333;0.0
org.apache.commons.math.linear$AbstractFieldMatrix#getData():334;0.0
org.apache.commons.math.linear$AbstractFieldMatrix#getData():338;0.0
org.apache.commons.math.linear$AbstractFieldMatrix#getSubMatrix(int,int,int,int):344;0.0
org.apache.commons.math.linear$AbstractFieldMatrix#getSubMatrix(int,int,int,int):346;0.0
org.apache.commons.math.linear$AbstractFieldMatrix#getSubMatrix(int,int,int,int):348;0.0
org.apache.commons.math.linear$AbstractFieldMatrix#getSubMatrix(int,int,int,int):349;0.0
org.apache.commons.math.linear$AbstractFieldMatrix#getSubMatrix(int,int,int,int):350;0.0
org.apache.commons.math.linear$AbstractFieldMatrix#getSubMatrix(int,int,int,int):354;0.0
org.apache.commons.math.linear$AbstractFieldMatrix#getSubMatrix(int[],int[]):363;0.0
org.apache.commons.math.linear$AbstractFieldMatrix#getSubMatrix(int[],int[]):366;0.0
org.apache.commons.math.linear$AbstractFieldMatrix#getSubMatrix(int[],int[]):368;0.0
org.apache.commons.math.linear$AbstractFieldMatrix#getSubMatrix(int[],int[]):378;0.0
org.apache.commons.math.linear$AbstractFieldMatrix#copySubMatrix(int,int,int,int,org.apache.commons.math.FieldElement[][]):387;0.0
org.apache.commons.math.linear$AbstractFieldMatrix#copySubMatrix(int,int,int,int,org.apache.commons.math.FieldElement[][]):388;0.0
org.apache.commons.math.linear$AbstractFieldMatrix#copySubMatrix(int,int,int,int,org.apache.commons.math.FieldElement[][]):389;0.0
org.apache.commons.math.linear$AbstractFieldMatrix#copySubMatrix(int,int,int,int,org.apache.commons.math.FieldElement[][]):390;0.0
org.apache.commons.math.linear$AbstractFieldMatrix#copySubMatrix(int,int,int,int,org.apache.commons.math.FieldElement[][]):391;0.0
org.apache.commons.math.linear$AbstractFieldMatrix#copySubMatrix(int,int,int,int,org.apache.commons.math.FieldElement[][]):398;0.0
org.apache.commons.math.linear$AbstractFieldMatrix#copySubMatrix(int,int,int,int,org.apache.commons.math.FieldElement[][]):423;0.0
org.apache.commons.math.linear$AbstractFieldMatrix#copySubMatrix(int[],int[],org.apache.commons.math.FieldElement[][]):428;0.0
org.apache.commons.math.linear$AbstractFieldMatrix#copySubMatrix(int[],int[],org.apache.commons.math.FieldElement[][]):429;0.0
org.apache.commons.math.linear$AbstractFieldMatrix#copySubMatrix(int[],int[],org.apache.commons.math.FieldElement[][]):431;0.0
org.apache.commons.math.linear$AbstractFieldMatrix#copySubMatrix(int[],int[],org.apache.commons.math.FieldElement[][]):438;0.0
org.apache.commons.math.linear$AbstractFieldMatrix#copySubMatrix(int[],int[],org.apache.commons.math.FieldElement[][]):439;0.0
org.apache.commons.math.linear$AbstractFieldMatrix#copySubMatrix(int[],int[],org.apache.commons.math.FieldElement[][]):440;0.0
org.apache.commons.math.linear$AbstractFieldMatrix#copySubMatrix(int[],int[],org.apache.commons.math.FieldElement[][]):441;0.0
org.apache.commons.math.linear$AbstractFieldMatrix#copySubMatrix(int[],int[],org.apache.commons.math.FieldElement[][]):445;0.0
org.apache.commons.math.linear$AbstractFieldMatrix#setSubMatrix(org.apache.commons.math.FieldElement[][],int,int):449;0.0
org.apache.commons.math.linear$AbstractFieldMatrix#setSubMatrix(org.apache.commons.math.FieldElement[][],int,int):450;0.0
org.apache.commons.math.linear$AbstractFieldMatrix#setSubMatrix(org.apache.commons.math.FieldElement[][],int,int):452;0.0
org.apache.commons.math.linear$AbstractFieldMatrix#setSubMatrix(org.apache.commons.math.FieldElement[][],int,int):453;0.0
org.apache.commons.math.linear$AbstractFieldMatrix#setSubMatrix(org.apache.commons.math.FieldElement[][],int,int):454;0.0
org.apache.commons.math.linear$AbstractFieldMatrix#setSubMatrix(org.apache.commons.math.FieldElement[][],int,int):457;0.0
org.apache.commons.math.linear$AbstractFieldMatrix#setSubMatrix(org.apache.commons.math.FieldElement[][],int,int):458;0.0
org.apache.commons.math.linear$AbstractFieldMatrix#setSubMatrix(org.apache.commons.math.FieldElement[][],int,int):459;0.0
org.apache.commons.math.linear$AbstractFieldMatrix#setSubMatrix(org.apache.commons.math.FieldElement[][],int,int):462;0.0
org.apache.commons.math.linear$AbstractFieldMatrix#setSubMatrix(org.apache.commons.math.FieldElement[][],int,int):463;0.0
org.apache.commons.math.linear$AbstractFieldMatrix#setSubMatrix(org.apache.commons.math.FieldElement[][],int,int):464;0.0
org.apache.commons.math.linear$AbstractFieldMatrix#setSubMatrix(org.apache.commons.math.FieldElement[][],int,int):468;0.0
org.apache.commons.math.linear$AbstractFieldMatrix#setSubMatrix(org.apache.commons.math.FieldElement[][],int,int):469;0.0
org.apache.commons.math.linear$AbstractFieldMatrix#setSubMatrix(org.apache.commons.math.FieldElement[][],int,int):470;0.0
org.apache.commons.math.linear$AbstractFieldMatrix#setSubMatrix(org.apache.commons.math.FieldElement[][],int,int):471;0.0
org.apache.commons.math.linear$AbstractFieldMatrix#setSubMatrix(org.apache.commons.math.FieldElement[][],int,int):473;0.0
org.apache.commons.math.linear$AbstractFieldMatrix#setSubMatrix(org.apache.commons.math.FieldElement[][],int,int):474;0.0
org.apache.commons.math.linear$AbstractFieldMatrix#setSubMatrix(org.apache.commons.math.FieldElement[][],int,int):475;0.0
org.apache.commons.math.linear$AbstractFieldMatrix#setSubMatrix(org.apache.commons.math.FieldElement[][],int,int):478;0.0
org.apache.commons.math.linear$AbstractFieldMatrix#getRowMatrix(int):482;0.0
org.apache.commons.math.linear$AbstractFieldMatrix#getRowMatrix(int):483;0.0
org.apache.commons.math.linear$AbstractFieldMatrix#getRowMatrix(int):484;0.0
org.apache.commons.math.linear$AbstractFieldMatrix#getRowMatrix(int):485;0.0
org.apache.commons.math.linear$AbstractFieldMatrix#getRowMatrix(int):486;0.0
org.apache.commons.math.linear$AbstractFieldMatrix#getRowMatrix(int):489;0.0
org.apache.commons.math.linear$AbstractFieldMatrix#setRowMatrix(int,org.apache.commons.math.linear.FieldMatrix):495;0.0
org.apache.commons.math.linear$AbstractFieldMatrix#setRowMatrix(int,org.apache.commons.math.linear.FieldMatrix):496;0.0
org.apache.commons.math.linear$AbstractFieldMatrix#setRowMatrix(int,org.apache.commons.math.linear.FieldMatrix):497;0.0
org.apache.commons.math.linear$AbstractFieldMatrix#setRowMatrix(int,org.apache.commons.math.linear.FieldMatrix):499;0.0
org.apache.commons.math.linear$AbstractFieldMatrix#setRowMatrix(int,org.apache.commons.math.linear.FieldMatrix):503;0.0
org.apache.commons.math.linear$AbstractFieldMatrix#setRowMatrix(int,org.apache.commons.math.linear.FieldMatrix):504;0.0
org.apache.commons.math.linear$AbstractFieldMatrix#setRowMatrix(int,org.apache.commons.math.linear.FieldMatrix):507;0.0
org.apache.commons.math.linear$AbstractFieldMatrix#getColumnMatrix(int):512;0.0
org.apache.commons.math.linear$AbstractFieldMatrix#getColumnMatrix(int):513;0.0
org.apache.commons.math.linear$AbstractFieldMatrix#getColumnMatrix(int):514;0.0
org.apache.commons.math.linear$AbstractFieldMatrix#getColumnMatrix(int):515;0.0
org.apache.commons.math.linear$AbstractFieldMatrix#getColumnMatrix(int):516;0.0
org.apache.commons.math.linear$AbstractFieldMatrix#getColumnMatrix(int):519;0.0
org.apache.commons.math.linear$AbstractFieldMatrix#setColumnMatrix(int,org.apache.commons.math.linear.FieldMatrix):525;0.0
org.apache.commons.math.linear$AbstractFieldMatrix#setColumnMatrix(int,org.apache.commons.math.linear.FieldMatrix):526;0.0
org.apache.commons.math.linear$AbstractFieldMatrix#setColumnMatrix(int,org.apache.commons.math.linear.FieldMatrix):527;0.0
org.apache.commons.math.linear$AbstractFieldMatrix#setColumnMatrix(int,org.apache.commons.math.linear.FieldMatrix):529;0.0
org.apache.commons.math.linear$AbstractFieldMatrix#setColumnMatrix(int,org.apache.commons.math.linear.FieldMatrix):533;0.0
org.apache.commons.math.linear$AbstractFieldMatrix#setColumnMatrix(int,org.apache.commons.math.linear.FieldMatrix):534;0.0
org.apache.commons.math.linear$AbstractFieldMatrix#setColumnMatrix(int,org.apache.commons.math.linear.FieldMatrix):537;0.0
org.apache.commons.math.linear$AbstractFieldMatrix#getRowVector(int):541;0.0
org.apache.commons.math.linear$AbstractFieldMatrix#setRowVector(int,org.apache.commons.math.linear.FieldVector):546;0.0
org.apache.commons.math.linear$AbstractFieldMatrix#setRowVector(int,org.apache.commons.math.linear.FieldVector):547;0.0
org.apache.commons.math.linear$AbstractFieldMatrix#setRowVector(int,org.apache.commons.math.linear.FieldVector):548;0.0
org.apache.commons.math.linear$AbstractFieldMatrix#setRowVector(int,org.apache.commons.math.linear.FieldVector):549;0.0
org.apache.commons.math.linear$AbstractFieldMatrix#setRowVector(int,org.apache.commons.math.linear.FieldVector):552;0.0
org.apache.commons.math.linear$AbstractFieldMatrix#setRowVector(int,org.apache.commons.math.linear.FieldVector):553;0.0
org.apache.commons.math.linear$AbstractFieldMatrix#setRowVector(int,org.apache.commons.math.linear.FieldVector):556;0.0
org.apache.commons.math.linear$AbstractFieldMatrix#getColumnVector(int):560;0.0
org.apache.commons.math.linear$AbstractFieldMatrix#setColumnVector(int,org.apache.commons.math.linear.FieldVector):565;0.0
org.apache.commons.math.linear$AbstractFieldMatrix#setColumnVector(int,org.apache.commons.math.linear.FieldVector):566;0.0
org.apache.commons.math.linear$AbstractFieldMatrix#setColumnVector(int,org.apache.commons.math.linear.FieldVector):567;0.0
org.apache.commons.math.linear$AbstractFieldMatrix#setColumnVector(int,org.apache.commons.math.linear.FieldVector):568;0.0
org.apache.commons.math.linear$AbstractFieldMatrix#setColumnVector(int,org.apache.commons.math.linear.FieldVector):571;0.0
org.apache.commons.math.linear$AbstractFieldMatrix#setColumnVector(int,org.apache.commons.math.linear.FieldVector):572;0.0
org.apache.commons.math.linear$AbstractFieldMatrix#setColumnVector(int,org.apache.commons.math.linear.FieldVector):575;0.0
org.apache.commons.math.linear$AbstractFieldMatrix#getRow(int):579;0.0
org.apache.commons.math.linear$AbstractFieldMatrix#getRow(int):580;0.0
org.apache.commons.math.linear$AbstractFieldMatrix#getRow(int):581;0.0
org.apache.commons.math.linear$AbstractFieldMatrix#getRow(int):582;0.0
org.apache.commons.math.linear$AbstractFieldMatrix#getRow(int):583;0.0
org.apache.commons.math.linear$AbstractFieldMatrix#getRow(int):586;0.0
org.apache.commons.math.linear$AbstractFieldMatrix#setRow(int,org.apache.commons.math.FieldElement[]):592;0.0
org.apache.commons.math.linear$AbstractFieldMatrix#setRow(int,org.apache.commons.math.FieldElement[]):593;0.0
org.apache.commons.math.linear$AbstractFieldMatrix#setRow(int,org.apache.commons.math.FieldElement[]):594;0.0
org.apache.commons.math.linear$AbstractFieldMatrix#setRow(int,org.apache.commons.math.FieldElement[]):595;0.0
org.apache.commons.math.linear$AbstractFieldMatrix#setRow(int,org.apache.commons.math.FieldElement[]):597;0.0
org.apache.commons.math.linear$AbstractFieldMatrix#setRow(int,org.apache.commons.math.FieldElement[]):598;0.0
org.apache.commons.math.linear$AbstractFieldMatrix#setRow(int,org.apache.commons.math.FieldElement[]):601;0.0
org.apache.commons.math.linear$AbstractFieldMatrix#getColumn(int):605;0.0
org.apache.commons.math.linear$AbstractFieldMatrix#getColumn(int):606;0.0
org.apache.commons.math.linear$AbstractFieldMatrix#getColumn(int):607;0.0
org.apache.commons.math.linear$AbstractFieldMatrix#getColumn(int):608;0.0
org.apache.commons.math.linear$AbstractFieldMatrix#getColumn(int):609;0.0
org.apache.commons.math.linear$AbstractFieldMatrix#getColumn(int):612;0.0
org.apache.commons.math.linear$AbstractFieldMatrix#setColumn(int,org.apache.commons.math.FieldElement[]):618;0.0
org.apache.commons.math.linear$AbstractFieldMatrix#setColumn(int,org.apache.commons.math.FieldElement[]):619;0.0
org.apache.commons.math.linear$AbstractFieldMatrix#setColumn(int,org.apache.commons.math.FieldElement[]):620;0.0
org.apache.commons.math.linear$AbstractFieldMatrix#setColumn(int,org.apache.commons.math.FieldElement[]):621;0.0
org.apache.commons.math.linear$AbstractFieldMatrix#setColumn(int,org.apache.commons.math.FieldElement[]):623;0.0
org.apache.commons.math.linear$AbstractFieldMatrix#setColumn(int,org.apache.commons.math.FieldElement[]):624;0.0
org.apache.commons.math.linear$AbstractFieldMatrix#setColumn(int,org.apache.commons.math.FieldElement[]):626;0.0
org.apache.commons.math.linear$AbstractFieldMatrix#transpose():642;0.0
org.apache.commons.math.linear$AbstractFieldMatrix#transpose():643;0.0
org.apache.commons.math.linear$AbstractFieldMatrix#transpose():644;0.0
org.apache.commons.math.linear$AbstractFieldMatrix#transpose():645;0.0
org.apache.commons.math.linear$AbstractFieldMatrix#transpose():653;0.0
org.apache.commons.math.linear$AbstractFieldMatrix#isSquare():658;0.0
org.apache.commons.math.linear$AbstractFieldMatrix#getTrace():669;0.0
org.apache.commons.math.linear$AbstractFieldMatrix#getTrace():670;0.0
org.apache.commons.math.linear$AbstractFieldMatrix#getTrace():671;0.0
org.apache.commons.math.linear$AbstractFieldMatrix#getTrace():672;0.0
org.apache.commons.math.linear$AbstractFieldMatrix#getTrace():674;0.0
org.apache.commons.math.linear$AbstractFieldMatrix#getTrace():675;0.0
org.apache.commons.math.linear$AbstractFieldMatrix#getTrace():676;0.0
org.apache.commons.math.linear$AbstractFieldMatrix#getTrace():678;0.0
org.apache.commons.math.linear$AbstractFieldMatrix#operate(org.apache.commons.math.FieldElement[]):684;0.0
org.apache.commons.math.linear$AbstractFieldMatrix#operate(org.apache.commons.math.FieldElement[]):685;0.0
org.apache.commons.math.linear$AbstractFieldMatrix#operate(org.apache.commons.math.FieldElement[]):686;0.0
org.apache.commons.math.linear$AbstractFieldMatrix#operate(org.apache.commons.math.FieldElement[]):687;0.0
org.apache.commons.math.linear$AbstractFieldMatrix#operate(org.apache.commons.math.FieldElement[]):690;0.0
org.apache.commons.math.linear$AbstractFieldMatrix#operate(org.apache.commons.math.FieldElement[]):691;0.0
org.apache.commons.math.linear$AbstractFieldMatrix#operate(org.apache.commons.math.FieldElement[]):692;0.0
org.apache.commons.math.linear$AbstractFieldMatrix#operate(org.apache.commons.math.FieldElement[]):693;0.0
org.apache.commons.math.linear$AbstractFieldMatrix#operate(org.apache.commons.math.FieldElement[]):694;0.0
org.apache.commons.math.linear$AbstractFieldMatrix#operate(org.apache.commons.math.FieldElement[]):696;0.0
org.apache.commons.math.linear$AbstractFieldMatrix#operate(org.apache.commons.math.FieldElement[]):699;0.0
org.apache.commons.math.linear$AbstractFieldMatrix#operate(org.apache.commons.math.linear.FieldVector):705;0.0
org.apache.commons.math.linear$AbstractFieldMatrix#operate(org.apache.commons.math.linear.FieldVector):706;0.0
org.apache.commons.math.linear$AbstractFieldMatrix#operate(org.apache.commons.math.linear.FieldVector):707;0.0
org.apache.commons.math.linear$AbstractFieldMatrix#operate(org.apache.commons.math.linear.FieldVector):708;0.0
org.apache.commons.math.linear$AbstractFieldMatrix#operate(org.apache.commons.math.linear.FieldVector):709;0.0
org.apache.commons.math.linear$AbstractFieldMatrix#operate(org.apache.commons.math.linear.FieldVector):710;0.0
org.apache.commons.math.linear$AbstractFieldMatrix#operate(org.apache.commons.math.linear.FieldVector):713;0.0
org.apache.commons.math.linear$AbstractFieldMatrix#operate(org.apache.commons.math.linear.FieldVector):714;0.0
org.apache.commons.math.linear$AbstractFieldMatrix#operate(org.apache.commons.math.linear.FieldVector):715;0.0
org.apache.commons.math.linear$AbstractFieldMatrix#operate(org.apache.commons.math.linear.FieldVector):716;0.0
org.apache.commons.math.linear$AbstractFieldMatrix#operate(org.apache.commons.math.linear.FieldVector):717;0.0
org.apache.commons.math.linear$AbstractFieldMatrix#operate(org.apache.commons.math.linear.FieldVector):719;0.0
org.apache.commons.math.linear$AbstractFieldMatrix#operate(org.apache.commons.math.linear.FieldVector):722;0.0
org.apache.commons.math.linear$AbstractFieldMatrix#preMultiply(org.apache.commons.math.FieldElement[]):729;0.0
org.apache.commons.math.linear$AbstractFieldMatrix#preMultiply(org.apache.commons.math.FieldElement[]):730;0.0
org.apache.commons.math.linear$AbstractFieldMatrix#preMultiply(org.apache.commons.math.FieldElement[]):731;0.0
org.apache.commons.math.linear$AbstractFieldMatrix#preMultiply(org.apache.commons.math.FieldElement[]):732;0.0
org.apache.commons.math.linear$AbstractFieldMatrix#preMultiply(org.apache.commons.math.FieldElement[]):735;0.0
org.apache.commons.math.linear$AbstractFieldMatrix#preMultiply(org.apache.commons.math.FieldElement[]):736;0.0
org.apache.commons.math.linear$AbstractFieldMatrix#preMultiply(org.apache.commons.math.FieldElement[]):737;0.0
org.apache.commons.math.linear$AbstractFieldMatrix#preMultiply(org.apache.commons.math.FieldElement[]):738;0.0
org.apache.commons.math.linear$AbstractFieldMatrix#preMultiply(org.apache.commons.math.FieldElement[]):739;0.0
org.apache.commons.math.linear$AbstractFieldMatrix#preMultiply(org.apache.commons.math.FieldElement[]):741;0.0
org.apache.commons.math.linear$AbstractFieldMatrix#preMultiply(org.apache.commons.math.FieldElement[]):744;0.0
org.apache.commons.math.linear$AbstractFieldMatrix#preMultiply(org.apache.commons.math.linear.FieldVector):750;0.0
org.apache.commons.math.linear$AbstractFieldMatrix#preMultiply(org.apache.commons.math.linear.FieldVector):751;0.0
org.apache.commons.math.linear$AbstractFieldMatrix#preMultiply(org.apache.commons.math.linear.FieldVector):752;0.0
org.apache.commons.math.linear$AbstractFieldMatrix#preMultiply(org.apache.commons.math.linear.FieldVector):753;0.0
org.apache.commons.math.linear$AbstractFieldMatrix#preMultiply(org.apache.commons.math.linear.FieldVector):754;0.0
org.apache.commons.math.linear$AbstractFieldMatrix#preMultiply(org.apache.commons.math.linear.FieldVector):755;0.0
org.apache.commons.math.linear$AbstractFieldMatrix#preMultiply(org.apache.commons.math.linear.FieldVector):758;0.0
org.apache.commons.math.linear$AbstractFieldMatrix#preMultiply(org.apache.commons.math.linear.FieldVector):759;0.0
org.apache.commons.math.linear$AbstractFieldMatrix#preMultiply(org.apache.commons.math.linear.FieldVector):760;0.0
org.apache.commons.math.linear$AbstractFieldMatrix#preMultiply(org.apache.commons.math.linear.FieldVector):761;0.0
org.apache.commons.math.linear$AbstractFieldMatrix#preMultiply(org.apache.commons.math.linear.FieldVector):762;0.0
org.apache.commons.math.linear$AbstractFieldMatrix#preMultiply(org.apache.commons.math.linear.FieldVector):764;0.0
org.apache.commons.math.linear$AbstractFieldMatrix#preMultiply(org.apache.commons.math.linear.FieldVector):767;0.0
org.apache.commons.math.linear$AbstractFieldMatrix#walkInRowOrder(org.apache.commons.math.linear.FieldMatrixChangingVisitor):773;0.0
org.apache.commons.math.linear$AbstractFieldMatrix#walkInRowOrder(org.apache.commons.math.linear.FieldMatrixChangingVisitor):774;0.0
org.apache.commons.math.linear$AbstractFieldMatrix#walkInRowOrder(org.apache.commons.math.linear.FieldMatrixChangingVisitor):775;0.0
org.apache.commons.math.linear$AbstractFieldMatrix#walkInRowOrder(org.apache.commons.math.linear.FieldMatrixChangingVisitor):776;0.0
org.apache.commons.math.linear$AbstractFieldMatrix#walkInRowOrder(org.apache.commons.math.linear.FieldMatrixChangingVisitor):777;0.0
org.apache.commons.math.linear$AbstractFieldMatrix#walkInRowOrder(org.apache.commons.math.linear.FieldMatrixChangingVisitor):778;0.0
org.apache.commons.math.linear$AbstractFieldMatrix#walkInRowOrder(org.apache.commons.math.linear.FieldMatrixChangingVisitor):779;0.0
org.apache.commons.math.linear$AbstractFieldMatrix#walkInRowOrder(org.apache.commons.math.linear.FieldMatrixChangingVisitor):780;0.0
org.apache.commons.math.linear$AbstractFieldMatrix#walkInRowOrder(org.apache.commons.math.linear.FieldMatrixChangingVisitor):783;0.0
org.apache.commons.math.linear$AbstractFieldMatrix#walkInRowOrder(org.apache.commons.math.linear.FieldMatrixPreservingVisitor):788;0.0
org.apache.commons.math.linear$AbstractFieldMatrix#walkInRowOrder(org.apache.commons.math.linear.FieldMatrixPreservingVisitor):789;0.0
org.apache.commons.math.linear$AbstractFieldMatrix#walkInRowOrder(org.apache.commons.math.linear.FieldMatrixPreservingVisitor):790;0.0
org.apache.commons.math.linear$AbstractFieldMatrix#walkInRowOrder(org.apache.commons.math.linear.FieldMatrixPreservingVisitor):791;0.0
org.apache.commons.math.linear$AbstractFieldMatrix#walkInRowOrder(org.apache.commons.math.linear.FieldMatrixPreservingVisitor):792;0.0
org.apache.commons.math.linear$AbstractFieldMatrix#walkInRowOrder(org.apache.commons.math.linear.FieldMatrixPreservingVisitor):793;0.0
org.apache.commons.math.linear$AbstractFieldMatrix#walkInRowOrder(org.apache.commons.math.linear.FieldMatrixPreservingVisitor):796;0.0
org.apache.commons.math.linear$AbstractFieldMatrix#walkInRowOrder(org.apache.commons.math.linear.FieldMatrixChangingVisitor,int,int,int,int):803;0.0
org.apache.commons.math.linear$AbstractFieldMatrix#walkInRowOrder(org.apache.commons.math.linear.FieldMatrixChangingVisitor,int,int,int,int):804;0.0
org.apache.commons.math.linear$AbstractFieldMatrix#walkInRowOrder(org.apache.commons.math.linear.FieldMatrixChangingVisitor,int,int,int,int):806;0.0
org.apache.commons.math.linear$AbstractFieldMatrix#walkInRowOrder(org.apache.commons.math.linear.FieldMatrixChangingVisitor,int,int,int,int):807;0.0
org.apache.commons.math.linear$AbstractFieldMatrix#walkInRowOrder(org.apache.commons.math.linear.FieldMatrixChangingVisitor,int,int,int,int):808;0.0
org.apache.commons.math.linear$AbstractFieldMatrix#walkInRowOrder(org.apache.commons.math.linear.FieldMatrixChangingVisitor,int,int,int,int):809;0.0
org.apache.commons.math.linear$AbstractFieldMatrix#walkInRowOrder(org.apache.commons.math.linear.FieldMatrixChangingVisitor,int,int,int,int):810;0.0
org.apache.commons.math.linear$AbstractFieldMatrix#walkInRowOrder(org.apache.commons.math.linear.FieldMatrixChangingVisitor,int,int,int,int):813;0.0
org.apache.commons.math.linear$AbstractFieldMatrix#walkInRowOrder(org.apache.commons.math.linear.FieldMatrixPreservingVisitor,int,int,int,int):820;0.0
org.apache.commons.math.linear$AbstractFieldMatrix#walkInRowOrder(org.apache.commons.math.linear.FieldMatrixPreservingVisitor,int,int,int,int):821;0.0
org.apache.commons.math.linear$AbstractFieldMatrix#walkInRowOrder(org.apache.commons.math.linear.FieldMatrixPreservingVisitor,int,int,int,int):823;0.0
org.apache.commons.math.linear$AbstractFieldMatrix#walkInRowOrder(org.apache.commons.math.linear.FieldMatrixPreservingVisitor,int,int,int,int):824;0.0
org.apache.commons.math.linear$AbstractFieldMatrix#walkInRowOrder(org.apache.commons.math.linear.FieldMatrixPreservingVisitor,int,int,int,int):825;0.0
org.apache.commons.math.linear$AbstractFieldMatrix#walkInRowOrder(org.apache.commons.math.linear.FieldMatrixPreservingVisitor,int,int,int,int):828;0.0
org.apache.commons.math.linear$AbstractFieldMatrix#walkInColumnOrder(org.apache.commons.math.linear.FieldMatrixChangingVisitor):833;0.0
org.apache.commons.math.linear$AbstractFieldMatrix#walkInColumnOrder(org.apache.commons.math.linear.FieldMatrixChangingVisitor):834;0.0
org.apache.commons.math.linear$AbstractFieldMatrix#walkInColumnOrder(org.apache.commons.math.linear.FieldMatrixChangingVisitor):835;0.0
org.apache.commons.math.linear$AbstractFieldMatrix#walkInColumnOrder(org.apache.commons.math.linear.FieldMatrixChangingVisitor):836;0.0
org.apache.commons.math.linear$AbstractFieldMatrix#walkInColumnOrder(org.apache.commons.math.linear.FieldMatrixChangingVisitor):837;0.0
org.apache.commons.math.linear$AbstractFieldMatrix#walkInColumnOrder(org.apache.commons.math.linear.FieldMatrixChangingVisitor):838;0.0
org.apache.commons.math.linear$AbstractFieldMatrix#walkInColumnOrder(org.apache.commons.math.linear.FieldMatrixChangingVisitor):839;0.0
org.apache.commons.math.linear$AbstractFieldMatrix#walkInColumnOrder(org.apache.commons.math.linear.FieldMatrixChangingVisitor):840;0.0
org.apache.commons.math.linear$AbstractFieldMatrix#walkInColumnOrder(org.apache.commons.math.linear.FieldMatrixChangingVisitor):843;0.0
org.apache.commons.math.linear$AbstractFieldMatrix#walkInColumnOrder(org.apache.commons.math.linear.FieldMatrixPreservingVisitor):848;0.0
org.apache.commons.math.linear$AbstractFieldMatrix#walkInColumnOrder(org.apache.commons.math.linear.FieldMatrixPreservingVisitor):849;0.0
org.apache.commons.math.linear$AbstractFieldMatrix#walkInColumnOrder(org.apache.commons.math.linear.FieldMatrixPreservingVisitor):850;0.0
org.apache.commons.math.linear$AbstractFieldMatrix#walkInColumnOrder(org.apache.commons.math.linear.FieldMatrixPreservingVisitor):851;0.0
org.apache.commons.math.linear$AbstractFieldMatrix#walkInColumnOrder(org.apache.commons.math.linear.FieldMatrixPreservingVisitor):852;0.0
org.apache.commons.math.linear$AbstractFieldMatrix#walkInColumnOrder(org.apache.commons.math.linear.FieldMatrixPreservingVisitor):853;0.0
org.apache.commons.math.linear$AbstractFieldMatrix#walkInColumnOrder(org.apache.commons.math.linear.FieldMatrixPreservingVisitor):856;0.0
org.apache.commons.math.linear$AbstractFieldMatrix#walkInColumnOrder(org.apache.commons.math.linear.FieldMatrixChangingVisitor,int,int,int,int):863;0.0
org.apache.commons.math.linear$AbstractFieldMatrix#walkInColumnOrder(org.apache.commons.math.linear.FieldMatrixChangingVisitor,int,int,int,int):864;0.0
org.apache.commons.math.linear$AbstractFieldMatrix#walkInColumnOrder(org.apache.commons.math.linear.FieldMatrixChangingVisitor,int,int,int,int):866;0.0
org.apache.commons.math.linear$AbstractFieldMatrix#walkInColumnOrder(org.apache.commons.math.linear.FieldMatrixChangingVisitor,int,int,int,int):867;0.0
org.apache.commons.math.linear$AbstractFieldMatrix#walkInColumnOrder(org.apache.commons.math.linear.FieldMatrixChangingVisitor,int,int,int,int):868;0.0
org.apache.commons.math.linear$AbstractFieldMatrix#walkInColumnOrder(org.apache.commons.math.linear.FieldMatrixChangingVisitor,int,int,int,int):869;0.0
org.apache.commons.math.linear$AbstractFieldMatrix#walkInColumnOrder(org.apache.commons.math.linear.FieldMatrixChangingVisitor,int,int,int,int):870;0.0
org.apache.commons.math.linear$AbstractFieldMatrix#walkInColumnOrder(org.apache.commons.math.linear.FieldMatrixChangingVisitor,int,int,int,int):873;0.0
org.apache.commons.math.linear$AbstractFieldMatrix#walkInColumnOrder(org.apache.commons.math.linear.FieldMatrixPreservingVisitor,int,int,int,int):880;0.0
org.apache.commons.math.linear$AbstractFieldMatrix#walkInColumnOrder(org.apache.commons.math.linear.FieldMatrixPreservingVisitor,int,int,int,int):881;0.0
org.apache.commons.math.linear$AbstractFieldMatrix#walkInColumnOrder(org.apache.commons.math.linear.FieldMatrixPreservingVisitor,int,int,int,int):883;0.0
org.apache.commons.math.linear$AbstractFieldMatrix#walkInColumnOrder(org.apache.commons.math.linear.FieldMatrixPreservingVisitor,int,int,int,int):884;0.0
org.apache.commons.math.linear$AbstractFieldMatrix#walkInColumnOrder(org.apache.commons.math.linear.FieldMatrixPreservingVisitor,int,int,int,int):885;0.0
org.apache.commons.math.linear$AbstractFieldMatrix#walkInColumnOrder(org.apache.commons.math.linear.FieldMatrixPreservingVisitor,int,int,int,int):888;0.0
org.apache.commons.math.linear$AbstractFieldMatrix#walkInOptimizedOrder(org.apache.commons.math.linear.FieldMatrixChangingVisitor):893;0.0
org.apache.commons.math.linear$AbstractFieldMatrix#walkInOptimizedOrder(org.apache.commons.math.linear.FieldMatrixPreservingVisitor):898;0.0
org.apache.commons.math.linear$AbstractFieldMatrix#walkInOptimizedOrder(org.apache.commons.math.linear.FieldMatrixChangingVisitor,int,int,int,int):905;0.0
org.apache.commons.math.linear$AbstractFieldMatrix#walkInOptimizedOrder(org.apache.commons.math.linear.FieldMatrixPreservingVisitor,int,int,int,int):912;0.0
org.apache.commons.math.linear$AbstractFieldMatrix#toString():921;0.0
org.apache.commons.math.linear$AbstractFieldMatrix#toString():922;0.0
org.apache.commons.math.linear$AbstractFieldMatrix#toString():923;0.0
org.apache.commons.math.linear$AbstractFieldMatrix#toString():924;0.0
org.apache.commons.math.linear$AbstractFieldMatrix#toString():925;0.0
org.apache.commons.math.linear$AbstractFieldMatrix#toString():926;0.0
org.apache.commons.math.linear$AbstractFieldMatrix#toString():928;0.0
org.apache.commons.math.linear$AbstractFieldMatrix#toString():929;0.0
org.apache.commons.math.linear$AbstractFieldMatrix#toString():930;0.0
org.apache.commons.math.linear$AbstractFieldMatrix#toString():932;0.0
org.apache.commons.math.linear$AbstractFieldMatrix#toString():933;0.0
org.apache.commons.math.linear$AbstractFieldMatrix#toString():934;0.0
org.apache.commons.math.linear$AbstractFieldMatrix#toString():935;0.0
org.apache.commons.math.linear$AbstractFieldMatrix#toString():937;0.0
org.apache.commons.math.linear$AbstractFieldMatrix#toString():939;0.0
org.apache.commons.math.linear$AbstractFieldMatrix#toString():942;0.0
org.apache.commons.math.linear$AbstractFieldMatrix#toString():943;0.0
org.apache.commons.math.linear$AbstractFieldMatrix#equals(java.lang.Object):956;0.0
org.apache.commons.math.linear$AbstractFieldMatrix#equals(java.lang.Object):957;0.0
org.apache.commons.math.linear$AbstractFieldMatrix#equals(java.lang.Object):959;0.0
org.apache.commons.math.linear$AbstractFieldMatrix#equals(java.lang.Object):960;0.0
org.apache.commons.math.linear$AbstractFieldMatrix#equals(java.lang.Object):962;0.0
org.apache.commons.math.linear$AbstractFieldMatrix#equals(java.lang.Object):963;0.0
org.apache.commons.math.linear$AbstractFieldMatrix#equals(java.lang.Object):964;0.0
org.apache.commons.math.linear$AbstractFieldMatrix#equals(java.lang.Object):965;0.0
org.apache.commons.math.linear$AbstractFieldMatrix#equals(java.lang.Object):966;0.0
org.apache.commons.math.linear$AbstractFieldMatrix#equals(java.lang.Object):968;0.0
org.apache.commons.math.linear$AbstractFieldMatrix#equals(java.lang.Object):969;0.0
org.apache.commons.math.linear$AbstractFieldMatrix#equals(java.lang.Object):970;0.0
org.apache.commons.math.linear$AbstractFieldMatrix#equals(java.lang.Object):971;0.0
org.apache.commons.math.linear$AbstractFieldMatrix#equals(java.lang.Object):975;0.0
org.apache.commons.math.linear$AbstractFieldMatrix#hashCode():985;0.0
org.apache.commons.math.linear$AbstractFieldMatrix#hashCode():986;0.0
org.apache.commons.math.linear$AbstractFieldMatrix#hashCode():987;0.0
org.apache.commons.math.linear$AbstractFieldMatrix#hashCode():988;0.0
org.apache.commons.math.linear$AbstractFieldMatrix#hashCode():989;0.0
org.apache.commons.math.linear$AbstractFieldMatrix#hashCode():990;0.0
org.apache.commons.math.linear$AbstractFieldMatrix#hashCode():991;0.0
org.apache.commons.math.linear$AbstractFieldMatrix#hashCode():992;0.0
org.apache.commons.math.linear$AbstractFieldMatrix#hashCode():995;0.0
org.apache.commons.math.linear$AbstractFieldMatrix#checkRowIndex(int):1005;0.0
org.apache.commons.math.linear$AbstractFieldMatrix#checkRowIndex(int):1006;0.0
org.apache.commons.math.linear$AbstractFieldMatrix#checkRowIndex(int):1009;0.0
org.apache.commons.math.linear$AbstractFieldMatrix#checkColumnIndex(int):1018;0.0
org.apache.commons.math.linear$AbstractFieldMatrix#checkColumnIndex(int):1019;0.0
org.apache.commons.math.linear$AbstractFieldMatrix#checkColumnIndex(int):1022;0.0
org.apache.commons.math.linear$AbstractFieldMatrix#checkSubMatrixIndex(int,int,int,int):1038;0.0
org.apache.commons.math.linear$AbstractFieldMatrix#checkSubMatrixIndex(int,int,int,int):1039;0.0
org.apache.commons.math.linear$AbstractFieldMatrix#checkSubMatrixIndex(int,int,int,int):1040;0.0
org.apache.commons.math.linear$AbstractFieldMatrix#checkSubMatrixIndex(int,int,int,int):1041;0.0
org.apache.commons.math.linear$AbstractFieldMatrix#checkSubMatrixIndex(int,int,int,int):1045;0.0
org.apache.commons.math.linear$AbstractFieldMatrix#checkSubMatrixIndex(int,int,int,int):1046;0.0
org.apache.commons.math.linear$AbstractFieldMatrix#checkSubMatrixIndex(int,int,int,int):1047;0.0
org.apache.commons.math.linear$AbstractFieldMatrix#checkSubMatrixIndex(int,int,int,int):1048;0.0
org.apache.commons.math.linear$AbstractFieldMatrix#checkSubMatrixIndex(int,int,int,int):1051;0.0
org.apache.commons.math.linear$AbstractFieldMatrix#checkSubMatrixIndex(int[],int[]):1064;0.0
org.apache.commons.math.linear$AbstractFieldMatrix#checkSubMatrixIndex(int[],int[]):1066;0.0
org.apache.commons.math.linear$AbstractFieldMatrix#checkSubMatrixIndex(int[],int[]):1068;0.0
org.apache.commons.math.linear$AbstractFieldMatrix#checkSubMatrixIndex(int[],int[]):1070;0.0
org.apache.commons.math.linear$AbstractFieldMatrix#checkSubMatrixIndex(int[],int[]):1073;0.0
org.apache.commons.math.linear$AbstractFieldMatrix#checkSubMatrixIndex(int[],int[]):1074;0.0
org.apache.commons.math.linear$AbstractFieldMatrix#checkSubMatrixIndex(int[],int[]):1076;0.0
org.apache.commons.math.linear$AbstractFieldMatrix#checkSubMatrixIndex(int[],int[]):1077;0.0
org.apache.commons.math.linear$AbstractFieldMatrix#checkSubMatrixIndex(int[],int[]):1079;0.0
org.apache.commons.math.linear$AbstractFieldMatrix#checkAdditionCompatible(org.apache.commons.math.linear.FieldMatrix):1089;0.0
org.apache.commons.math.linear$AbstractFieldMatrix#checkAdditionCompatible(org.apache.commons.math.linear.FieldMatrix):1091;0.0
org.apache.commons.math.linear$AbstractFieldMatrix#checkAdditionCompatible(org.apache.commons.math.linear.FieldMatrix):1094;0.0
org.apache.commons.math.linear$AbstractFieldMatrix#checkSubtractionCompatible(org.apache.commons.math.linear.FieldMatrix):1104;0.0
org.apache.commons.math.linear$AbstractFieldMatrix#checkSubtractionCompatible(org.apache.commons.math.linear.FieldMatrix):1106;0.0
org.apache.commons.math.linear$AbstractFieldMatrix#checkSubtractionCompatible(org.apache.commons.math.linear.FieldMatrix):1109;0.0
org.apache.commons.math.linear$AbstractFieldMatrix#checkMultiplicationCompatible(org.apache.commons.math.linear.FieldMatrix):1119;0.0
org.apache.commons.math.linear$AbstractFieldMatrix#checkMultiplicationCompatible(org.apache.commons.math.linear.FieldMatrix):1120;0.0
org.apache.commons.math.linear$AbstractFieldMatrix#checkMultiplicationCompatible(org.apache.commons.math.linear.FieldMatrix):1122;0.0
org.apache.commons.math.linear$Array2DRowFieldMatrix#Array2DRowFieldMatrix(org.apache.commons.math.Field):55;0.0
org.apache.commons.math.linear$Array2DRowFieldMatrix#Array2DRowFieldMatrix(org.apache.commons.math.Field):56;0.0
org.apache.commons.math.linear$Array2DRowFieldMatrix#Array2DRowFieldMatrix(org.apache.commons.math.Field,int,int):70;0.0
org.apache.commons.math.linear$Array2DRowFieldMatrix#Array2DRowFieldMatrix(org.apache.commons.math.Field,int,int):71;0.0
org.apache.commons.math.linear$Array2DRowFieldMatrix#Array2DRowFieldMatrix(org.apache.commons.math.Field,int,int):72;0.0
org.apache.commons.math.linear$Array2DRowFieldMatrix#Array2DRowFieldMatrix(org.apache.commons.math.FieldElement[][]):89;0.0
org.apache.commons.math.linear$Array2DRowFieldMatrix#Array2DRowFieldMatrix(org.apache.commons.math.FieldElement[][]):90;0.0
org.apache.commons.math.linear$Array2DRowFieldMatrix#Array2DRowFieldMatrix(org.apache.commons.math.Field,org.apache.commons.math.FieldElement[][]):108;0.0
org.apache.commons.math.linear$Array2DRowFieldMatrix#Array2DRowFieldMatrix(org.apache.commons.math.Field,org.apache.commons.math.FieldElement[][]):109;0.0
org.apache.commons.math.linear$Array2DRowFieldMatrix#Array2DRowFieldMatrix(org.apache.commons.math.Field,org.apache.commons.math.FieldElement[][]):110;0.0
org.apache.commons.math.linear$Array2DRowFieldMatrix#Array2DRowFieldMatrix(org.apache.commons.math.FieldElement[][],boolean):129;0.0
org.apache.commons.math.linear$Array2DRowFieldMatrix#Array2DRowFieldMatrix(org.apache.commons.math.FieldElement[][],boolean):130;0.0
org.apache.commons.math.linear$Array2DRowFieldMatrix#Array2DRowFieldMatrix(org.apache.commons.math.Field,org.apache.commons.math.FieldElement[][],boolean):150;0.0
org.apache.commons.math.linear$Array2DRowFieldMatrix#Array2DRowFieldMatrix(org.apache.commons.math.Field,org.apache.commons.math.FieldElement[][],boolean):151;0.0
org.apache.commons.math.linear$Array2DRowFieldMatrix#Array2DRowFieldMatrix(org.apache.commons.math.Field,org.apache.commons.math.FieldElement[][],boolean):152;0.0
org.apache.commons.math.linear$Array2DRowFieldMatrix#Array2DRowFieldMatrix(org.apache.commons.math.Field,org.apache.commons.math.FieldElement[][],boolean):154;0.0
org.apache.commons.math.linear$Array2DRowFieldMatrix#Array2DRowFieldMatrix(org.apache.commons.math.Field,org.apache.commons.math.FieldElement[][],boolean):155;0.0
org.apache.commons.math.linear$Array2DRowFieldMatrix#Array2DRowFieldMatrix(org.apache.commons.math.Field,org.apache.commons.math.FieldElement[][],boolean):156;0.0
org.apache.commons.math.linear$Array2DRowFieldMatrix#Array2DRowFieldMatrix(org.apache.commons.math.Field,org.apache.commons.math.FieldElement[][],boolean):157;0.0
org.apache.commons.math.linear$Array2DRowFieldMatrix#Array2DRowFieldMatrix(org.apache.commons.math.Field,org.apache.commons.math.FieldElement[][],boolean):159;0.0
org.apache.commons.math.linear$Array2DRowFieldMatrix#Array2DRowFieldMatrix(org.apache.commons.math.Field,org.apache.commons.math.FieldElement[][],boolean):160;0.0
org.apache.commons.math.linear$Array2DRowFieldMatrix#Array2DRowFieldMatrix(org.apache.commons.math.Field,org.apache.commons.math.FieldElement[][],boolean):161;0.0
org.apache.commons.math.linear$Array2DRowFieldMatrix#Array2DRowFieldMatrix(org.apache.commons.math.Field,org.apache.commons.math.FieldElement[][],boolean):163;0.0
org.apache.commons.math.linear$Array2DRowFieldMatrix#Array2DRowFieldMatrix(org.apache.commons.math.Field,org.apache.commons.math.FieldElement[][],boolean):164;0.0
org.apache.commons.math.linear$Array2DRowFieldMatrix#Array2DRowFieldMatrix(org.apache.commons.math.Field,org.apache.commons.math.FieldElement[][],boolean):165;0.0
org.apache.commons.math.linear$Array2DRowFieldMatrix#Array2DRowFieldMatrix(org.apache.commons.math.Field,org.apache.commons.math.FieldElement[][],boolean):168;0.0
org.apache.commons.math.linear$Array2DRowFieldMatrix#Array2DRowFieldMatrix(org.apache.commons.math.Field,org.apache.commons.math.FieldElement[][],boolean):170;0.0
org.apache.commons.math.linear$Array2DRowFieldMatrix#Array2DRowFieldMatrix(org.apache.commons.math.FieldElement[]):180;0.0
org.apache.commons.math.linear$Array2DRowFieldMatrix#Array2DRowFieldMatrix(org.apache.commons.math.FieldElement[]):181;0.0
org.apache.commons.math.linear$Array2DRowFieldMatrix#Array2DRowFieldMatrix(org.apache.commons.math.Field,org.apache.commons.math.FieldElement[]):192;0.0
org.apache.commons.math.linear$Array2DRowFieldMatrix#Array2DRowFieldMatrix(org.apache.commons.math.Field,org.apache.commons.math.FieldElement[]):193;0.0
org.apache.commons.math.linear$Array2DRowFieldMatrix#Array2DRowFieldMatrix(org.apache.commons.math.Field,org.apache.commons.math.FieldElement[]):194;0.0
org.apache.commons.math.linear$Array2DRowFieldMatrix#Array2DRowFieldMatrix(org.apache.commons.math.Field,org.apache.commons.math.FieldElement[]):195;0.0
org.apache.commons.math.linear$Array2DRowFieldMatrix#Array2DRowFieldMatrix(org.apache.commons.math.Field,org.apache.commons.math.FieldElement[]):196;0.0
org.apache.commons.math.linear$Array2DRowFieldMatrix#Array2DRowFieldMatrix(org.apache.commons.math.Field,org.apache.commons.math.FieldElement[]):198;0.0
org.apache.commons.math.linear$Array2DRowFieldMatrix#createMatrix(int,int):203;0.0
org.apache.commons.math.linear$Array2DRowFieldMatrix#copy():209;0.0
org.apache.commons.math.linear$Array2DRowFieldMatrix#add(org.apache.commons.math.linear.Array2DRowFieldMatrix):222;0.0
org.apache.commons.math.linear$Array2DRowFieldMatrix#add(org.apache.commons.math.linear.Array2DRowFieldMatrix):224;0.0
org.apache.commons.math.linear$Array2DRowFieldMatrix#add(org.apache.commons.math.linear.Array2DRowFieldMatrix):225;0.0
org.apache.commons.math.linear$Array2DRowFieldMatrix#add(org.apache.commons.math.linear.Array2DRowFieldMatrix):226;0.0
org.apache.commons.math.linear$Array2DRowFieldMatrix#add(org.apache.commons.math.linear.Array2DRowFieldMatrix):227;0.0
org.apache.commons.math.linear$Array2DRowFieldMatrix#add(org.apache.commons.math.linear.Array2DRowFieldMatrix):228;0.0
org.apache.commons.math.linear$Array2DRowFieldMatrix#add(org.apache.commons.math.linear.Array2DRowFieldMatrix):229;0.0
org.apache.commons.math.linear$Array2DRowFieldMatrix#add(org.apache.commons.math.linear.Array2DRowFieldMatrix):230;0.0
org.apache.commons.math.linear$Array2DRowFieldMatrix#add(org.apache.commons.math.linear.Array2DRowFieldMatrix):231;0.0
org.apache.commons.math.linear$Array2DRowFieldMatrix#add(org.apache.commons.math.linear.Array2DRowFieldMatrix):232;0.0
org.apache.commons.math.linear$Array2DRowFieldMatrix#add(org.apache.commons.math.linear.Array2DRowFieldMatrix):236;0.0
org.apache.commons.math.linear$Array2DRowFieldMatrix#subtract(org.apache.commons.math.linear.Array2DRowFieldMatrix):249;0.0
org.apache.commons.math.linear$Array2DRowFieldMatrix#subtract(org.apache.commons.math.linear.Array2DRowFieldMatrix):251;0.0
org.apache.commons.math.linear$Array2DRowFieldMatrix#subtract(org.apache.commons.math.linear.Array2DRowFieldMatrix):252;0.0
org.apache.commons.math.linear$Array2DRowFieldMatrix#subtract(org.apache.commons.math.linear.Array2DRowFieldMatrix):253;0.0
org.apache.commons.math.linear$Array2DRowFieldMatrix#subtract(org.apache.commons.math.linear.Array2DRowFieldMatrix):254;0.0
org.apache.commons.math.linear$Array2DRowFieldMatrix#subtract(org.apache.commons.math.linear.Array2DRowFieldMatrix):255;0.0
org.apache.commons.math.linear$Array2DRowFieldMatrix#subtract(org.apache.commons.math.linear.Array2DRowFieldMatrix):256;0.0
org.apache.commons.math.linear$Array2DRowFieldMatrix#subtract(org.apache.commons.math.linear.Array2DRowFieldMatrix):257;0.0
org.apache.commons.math.linear$Array2DRowFieldMatrix#subtract(org.apache.commons.math.linear.Array2DRowFieldMatrix):258;0.0
org.apache.commons.math.linear$Array2DRowFieldMatrix#subtract(org.apache.commons.math.linear.Array2DRowFieldMatrix):259;0.0
org.apache.commons.math.linear$Array2DRowFieldMatrix#subtract(org.apache.commons.math.linear.Array2DRowFieldMatrix):263;0.0
org.apache.commons.math.linear$Array2DRowFieldMatrix#multiply(org.apache.commons.math.linear.Array2DRowFieldMatrix):277;0.0
org.apache.commons.math.linear$Array2DRowFieldMatrix#multiply(org.apache.commons.math.linear.Array2DRowFieldMatrix):279;0.0
org.apache.commons.math.linear$Array2DRowFieldMatrix#multiply(org.apache.commons.math.linear.Array2DRowFieldMatrix):280;0.0
org.apache.commons.math.linear$Array2DRowFieldMatrix#multiply(org.apache.commons.math.linear.Array2DRowFieldMatrix):281;0.0
org.apache.commons.math.linear$Array2DRowFieldMatrix#multiply(org.apache.commons.math.linear.Array2DRowFieldMatrix):282;0.0
org.apache.commons.math.linear$Array2DRowFieldMatrix#multiply(org.apache.commons.math.linear.Array2DRowFieldMatrix):283;0.0
org.apache.commons.math.linear$Array2DRowFieldMatrix#multiply(org.apache.commons.math.linear.Array2DRowFieldMatrix):284;0.0
org.apache.commons.math.linear$Array2DRowFieldMatrix#multiply(org.apache.commons.math.linear.Array2DRowFieldMatrix):285;0.0
org.apache.commons.math.linear$Array2DRowFieldMatrix#multiply(org.apache.commons.math.linear.Array2DRowFieldMatrix):286;0.0
org.apache.commons.math.linear$Array2DRowFieldMatrix#multiply(org.apache.commons.math.linear.Array2DRowFieldMatrix):287;0.0
org.apache.commons.math.linear$Array2DRowFieldMatrix#multiply(org.apache.commons.math.linear.Array2DRowFieldMatrix):288;0.0
org.apache.commons.math.linear$Array2DRowFieldMatrix#multiply(org.apache.commons.math.linear.Array2DRowFieldMatrix):289;0.0
org.apache.commons.math.linear$Array2DRowFieldMatrix#multiply(org.apache.commons.math.linear.Array2DRowFieldMatrix):291;0.0
org.apache.commons.math.linear$Array2DRowFieldMatrix#multiply(org.apache.commons.math.linear.Array2DRowFieldMatrix):295;0.0
org.apache.commons.math.linear$Array2DRowFieldMatrix#getData():302;0.0
org.apache.commons.math.linear$Array2DRowFieldMatrix#getDataRef():312;0.0
org.apache.commons.math.linear$Array2DRowFieldMatrix#setSubMatrix(org.apache.commons.math.FieldElement[][],int,int):318;0.0
org.apache.commons.math.linear$Array2DRowFieldMatrix#setSubMatrix(org.apache.commons.math.FieldElement[][],int,int):319;0.0
org.apache.commons.math.linear$Array2DRowFieldMatrix#setSubMatrix(org.apache.commons.math.FieldElement[][],int,int):320;0.0
org.apache.commons.math.linear$Array2DRowFieldMatrix#setSubMatrix(org.apache.commons.math.FieldElement[][],int,int):322;0.0
org.apache.commons.math.linear$Array2DRowFieldMatrix#setSubMatrix(org.apache.commons.math.FieldElement[][],int,int):323;0.0
org.apache.commons.math.linear$Array2DRowFieldMatrix#setSubMatrix(org.apache.commons.math.FieldElement[][],int,int):325;0.0
org.apache.commons.math.linear$Array2DRowFieldMatrix#setSubMatrix(org.apache.commons.math.FieldElement[][],int,int):326;0.0
org.apache.commons.math.linear$Array2DRowFieldMatrix#setSubMatrix(org.apache.commons.math.FieldElement[][],int,int):327;0.0
org.apache.commons.math.linear$Array2DRowFieldMatrix#setSubMatrix(org.apache.commons.math.FieldElement[][],int,int):330;0.0
org.apache.commons.math.linear$Array2DRowFieldMatrix#setSubMatrix(org.apache.commons.math.FieldElement[][],int,int):331;0.0
org.apache.commons.math.linear$Array2DRowFieldMatrix#setSubMatrix(org.apache.commons.math.FieldElement[][],int,int):332;0.0
org.apache.commons.math.linear$Array2DRowFieldMatrix#setSubMatrix(org.apache.commons.math.FieldElement[][],int,int):334;0.0
org.apache.commons.math.linear$Array2DRowFieldMatrix#setSubMatrix(org.apache.commons.math.FieldElement[][],int,int):335;0.0
org.apache.commons.math.linear$Array2DRowFieldMatrix#setSubMatrix(org.apache.commons.math.FieldElement[][],int,int):336;0.0
org.apache.commons.math.linear$Array2DRowFieldMatrix#setSubMatrix(org.apache.commons.math.FieldElement[][],int,int):337;0.0
org.apache.commons.math.linear$Array2DRowFieldMatrix#setSubMatrix(org.apache.commons.math.FieldElement[][],int,int):339;0.0
org.apache.commons.math.linear$Array2DRowFieldMatrix#setSubMatrix(org.apache.commons.math.FieldElement[][],int,int):341;0.0
org.apache.commons.math.linear$Array2DRowFieldMatrix#setSubMatrix(org.apache.commons.math.FieldElement[][],int,int):342;0.0
org.apache.commons.math.linear$Array2DRowFieldMatrix#setSubMatrix(org.apache.commons.math.FieldElement[][],int,int):345;0.0
org.apache.commons.math.linear$Array2DRowFieldMatrix#getEntry(int,int):350;0.0
org.apache.commons.math.linear$Array2DRowFieldMatrix#getEntry(int,int):351;0.0
org.apache.commons.math.linear$Array2DRowFieldMatrix#getEntry(int,int):353;0.0
org.apache.commons.math.linear$Array2DRowFieldMatrix#setEntry(int,int,org.apache.commons.math.FieldElement):359;0.0
org.apache.commons.math.linear$Array2DRowFieldMatrix#setEntry(int,int,org.apache.commons.math.FieldElement):360;0.0
org.apache.commons.math.linear$Array2DRowFieldMatrix#setEntry(int,int,org.apache.commons.math.FieldElement):362;0.0
org.apache.commons.math.linear$Array2DRowFieldMatrix#setEntry(int,int,org.apache.commons.math.FieldElement):363;0.0
org.apache.commons.math.linear$Array2DRowFieldMatrix#addToEntry(int,int,org.apache.commons.math.FieldElement):368;0.0
org.apache.commons.math.linear$Array2DRowFieldMatrix#addToEntry(int,int,org.apache.commons.math.FieldElement):369;0.0
org.apache.commons.math.linear$Array2DRowFieldMatrix#addToEntry(int,int,org.apache.commons.math.FieldElement):371;0.0
org.apache.commons.math.linear$Array2DRowFieldMatrix#addToEntry(int,int,org.apache.commons.math.FieldElement):372;0.0
org.apache.commons.math.linear$Array2DRowFieldMatrix#multiplyEntry(int,int,org.apache.commons.math.FieldElement):377;0.0
org.apache.commons.math.linear$Array2DRowFieldMatrix#multiplyEntry(int,int,org.apache.commons.math.FieldElement):378;0.0
org.apache.commons.math.linear$Array2DRowFieldMatrix#multiplyEntry(int,int,org.apache.commons.math.FieldElement):380;0.0
org.apache.commons.math.linear$Array2DRowFieldMatrix#multiplyEntry(int,int,org.apache.commons.math.FieldElement):381;0.0
org.apache.commons.math.linear$Array2DRowFieldMatrix#getRowDimension():386;0.0
org.apache.commons.math.linear$Array2DRowFieldMatrix#getColumnDimension():392;0.0
org.apache.commons.math.linear$Array2DRowFieldMatrix#operate(org.apache.commons.math.FieldElement[]):398;0.0
org.apache.commons.math.linear$Array2DRowFieldMatrix#operate(org.apache.commons.math.FieldElement[]):399;0.0
org.apache.commons.math.linear$Array2DRowFieldMatrix#operate(org.apache.commons.math.FieldElement[]):400;0.0
org.apache.commons.math.linear$Array2DRowFieldMatrix#operate(org.apache.commons.math.FieldElement[]):401;0.0
org.apache.commons.math.linear$Array2DRowFieldMatrix#operate(org.apache.commons.math.FieldElement[]):403;0.0
org.apache.commons.math.linear$Array2DRowFieldMatrix#operate(org.apache.commons.math.FieldElement[]):404;0.0
org.apache.commons.math.linear$Array2DRowFieldMatrix#operate(org.apache.commons.math.FieldElement[]):405;0.0
org.apache.commons.math.linear$Array2DRowFieldMatrix#operate(org.apache.commons.math.FieldElement[]):406;0.0
org.apache.commons.math.linear$Array2DRowFieldMatrix#operate(org.apache.commons.math.FieldElement[]):407;0.0
org.apache.commons.math.linear$Array2DRowFieldMatrix#operate(org.apache.commons.math.FieldElement[]):408;0.0
org.apache.commons.math.linear$Array2DRowFieldMatrix#operate(org.apache.commons.math.FieldElement[]):410;0.0
org.apache.commons.math.linear$Array2DRowFieldMatrix#operate(org.apache.commons.math.FieldElement[]):412;0.0
org.apache.commons.math.linear$Array2DRowFieldMatrix#preMultiply(org.apache.commons.math.FieldElement[]):418;0.0
org.apache.commons.math.linear$Array2DRowFieldMatrix#preMultiply(org.apache.commons.math.FieldElement[]):419;0.0
org.apache.commons.math.linear$Array2DRowFieldMatrix#preMultiply(org.apache.commons.math.FieldElement[]):420;0.0
org.apache.commons.math.linear$Array2DRowFieldMatrix#preMultiply(org.apache.commons.math.FieldElement[]):421;0.0
org.apache.commons.math.linear$Array2DRowFieldMatrix#preMultiply(org.apache.commons.math.FieldElement[]):424;0.0
org.apache.commons.math.linear$Array2DRowFieldMatrix#preMultiply(org.apache.commons.math.FieldElement[]):425;0.0
org.apache.commons.math.linear$Array2DRowFieldMatrix#preMultiply(org.apache.commons.math.FieldElement[]):426;0.0
org.apache.commons.math.linear$Array2DRowFieldMatrix#preMultiply(org.apache.commons.math.FieldElement[]):427;0.0
org.apache.commons.math.linear$Array2DRowFieldMatrix#preMultiply(org.apache.commons.math.FieldElement[]):428;0.0
org.apache.commons.math.linear$Array2DRowFieldMatrix#preMultiply(org.apache.commons.math.FieldElement[]):430;0.0
org.apache.commons.math.linear$Array2DRowFieldMatrix#preMultiply(org.apache.commons.math.FieldElement[]):433;0.0
org.apache.commons.math.linear$Array2DRowFieldMatrix#walkInRowOrder(org.apache.commons.math.linear.FieldMatrixChangingVisitor):439;0.0
org.apache.commons.math.linear$Array2DRowFieldMatrix#walkInRowOrder(org.apache.commons.math.linear.FieldMatrixChangingVisitor):440;0.0
org.apache.commons.math.linear$Array2DRowFieldMatrix#walkInRowOrder(org.apache.commons.math.linear.FieldMatrixChangingVisitor):441;0.0
org.apache.commons.math.linear$Array2DRowFieldMatrix#walkInRowOrder(org.apache.commons.math.linear.FieldMatrixChangingVisitor):442;0.0
org.apache.commons.math.linear$Array2DRowFieldMatrix#walkInRowOrder(org.apache.commons.math.linear.FieldMatrixChangingVisitor):443;0.0
org.apache.commons.math.linear$Array2DRowFieldMatrix#walkInRowOrder(org.apache.commons.math.linear.FieldMatrixChangingVisitor):444;0.0
org.apache.commons.math.linear$Array2DRowFieldMatrix#walkInRowOrder(org.apache.commons.math.linear.FieldMatrixChangingVisitor):445;0.0
org.apache.commons.math.linear$Array2DRowFieldMatrix#walkInRowOrder(org.apache.commons.math.linear.FieldMatrixChangingVisitor):448;0.0
org.apache.commons.math.linear$Array2DRowFieldMatrix#walkInRowOrder(org.apache.commons.math.linear.FieldMatrixPreservingVisitor):454;0.0
org.apache.commons.math.linear$Array2DRowFieldMatrix#walkInRowOrder(org.apache.commons.math.linear.FieldMatrixPreservingVisitor):455;0.0
org.apache.commons.math.linear$Array2DRowFieldMatrix#walkInRowOrder(org.apache.commons.math.linear.FieldMatrixPreservingVisitor):456;0.0
org.apache.commons.math.linear$Array2DRowFieldMatrix#walkInRowOrder(org.apache.commons.math.linear.FieldMatrixPreservingVisitor):457;0.0
org.apache.commons.math.linear$Array2DRowFieldMatrix#walkInRowOrder(org.apache.commons.math.linear.FieldMatrixPreservingVisitor):458;0.0
org.apache.commons.math.linear$Array2DRowFieldMatrix#walkInRowOrder(org.apache.commons.math.linear.FieldMatrixPreservingVisitor):459;0.0
org.apache.commons.math.linear$Array2DRowFieldMatrix#walkInRowOrder(org.apache.commons.math.linear.FieldMatrixPreservingVisitor):460;0.0
org.apache.commons.math.linear$Array2DRowFieldMatrix#walkInRowOrder(org.apache.commons.math.linear.FieldMatrixPreservingVisitor):463;0.0
org.apache.commons.math.linear$Array2DRowFieldMatrix#walkInRowOrder(org.apache.commons.math.linear.FieldMatrixChangingVisitor,int,int,int,int):471;0.0
org.apache.commons.math.linear$Array2DRowFieldMatrix#walkInRowOrder(org.apache.commons.math.linear.FieldMatrixChangingVisitor,int,int,int,int):472;0.0
org.apache.commons.math.linear$Array2DRowFieldMatrix#walkInRowOrder(org.apache.commons.math.linear.FieldMatrixChangingVisitor,int,int,int,int):474;0.0
org.apache.commons.math.linear$Array2DRowFieldMatrix#walkInRowOrder(org.apache.commons.math.linear.FieldMatrixChangingVisitor,int,int,int,int):475;0.0
org.apache.commons.math.linear$Array2DRowFieldMatrix#walkInRowOrder(org.apache.commons.math.linear.FieldMatrixChangingVisitor,int,int,int,int):476;0.0
org.apache.commons.math.linear$Array2DRowFieldMatrix#walkInRowOrder(org.apache.commons.math.linear.FieldMatrixChangingVisitor,int,int,int,int):477;0.0
org.apache.commons.math.linear$Array2DRowFieldMatrix#walkInRowOrder(org.apache.commons.math.linear.FieldMatrixChangingVisitor,int,int,int,int):480;0.0
org.apache.commons.math.linear$Array2DRowFieldMatrix#walkInRowOrder(org.apache.commons.math.linear.FieldMatrixPreservingVisitor,int,int,int,int):488;0.0
org.apache.commons.math.linear$Array2DRowFieldMatrix#walkInRowOrder(org.apache.commons.math.linear.FieldMatrixPreservingVisitor,int,int,int,int):489;0.0
org.apache.commons.math.linear$Array2DRowFieldMatrix#walkInRowOrder(org.apache.commons.math.linear.FieldMatrixPreservingVisitor,int,int,int,int):491;0.0
org.apache.commons.math.linear$Array2DRowFieldMatrix#walkInRowOrder(org.apache.commons.math.linear.FieldMatrixPreservingVisitor,int,int,int,int):492;0.0
org.apache.commons.math.linear$Array2DRowFieldMatrix#walkInRowOrder(org.apache.commons.math.linear.FieldMatrixPreservingVisitor,int,int,int,int):493;0.0
org.apache.commons.math.linear$Array2DRowFieldMatrix#walkInRowOrder(org.apache.commons.math.linear.FieldMatrixPreservingVisitor,int,int,int,int):494;0.0
org.apache.commons.math.linear$Array2DRowFieldMatrix#walkInRowOrder(org.apache.commons.math.linear.FieldMatrixPreservingVisitor,int,int,int,int):497;0.0
org.apache.commons.math.linear$Array2DRowFieldMatrix#walkInColumnOrder(org.apache.commons.math.linear.FieldMatrixChangingVisitor):503;0.0
org.apache.commons.math.linear$Array2DRowFieldMatrix#walkInColumnOrder(org.apache.commons.math.linear.FieldMatrixChangingVisitor):504;0.0
org.apache.commons.math.linear$Array2DRowFieldMatrix#walkInColumnOrder(org.apache.commons.math.linear.FieldMatrixChangingVisitor):505;0.0
org.apache.commons.math.linear$Array2DRowFieldMatrix#walkInColumnOrder(org.apache.commons.math.linear.FieldMatrixChangingVisitor):506;0.0
org.apache.commons.math.linear$Array2DRowFieldMatrix#walkInColumnOrder(org.apache.commons.math.linear.FieldMatrixChangingVisitor):507;0.0
org.apache.commons.math.linear$Array2DRowFieldMatrix#walkInColumnOrder(org.apache.commons.math.linear.FieldMatrixChangingVisitor):508;0.0
org.apache.commons.math.linear$Array2DRowFieldMatrix#walkInColumnOrder(org.apache.commons.math.linear.FieldMatrixChangingVisitor):509;0.0
org.apache.commons.math.linear$Array2DRowFieldMatrix#walkInColumnOrder(org.apache.commons.math.linear.FieldMatrixChangingVisitor):512;0.0
org.apache.commons.math.linear$Array2DRowFieldMatrix#walkInColumnOrder(org.apache.commons.math.linear.FieldMatrixPreservingVisitor):518;0.0
org.apache.commons.math.linear$Array2DRowFieldMatrix#walkInColumnOrder(org.apache.commons.math.linear.FieldMatrixPreservingVisitor):519;0.0
org.apache.commons.math.linear$Array2DRowFieldMatrix#walkInColumnOrder(org.apache.commons.math.linear.FieldMatrixPreservingVisitor):520;0.0
org.apache.commons.math.linear$Array2DRowFieldMatrix#walkInColumnOrder(org.apache.commons.math.linear.FieldMatrixPreservingVisitor):521;0.0
org.apache.commons.math.linear$Array2DRowFieldMatrix#walkInColumnOrder(org.apache.commons.math.linear.FieldMatrixPreservingVisitor):522;0.0
org.apache.commons.math.linear$Array2DRowFieldMatrix#walkInColumnOrder(org.apache.commons.math.linear.FieldMatrixPreservingVisitor):523;0.0
org.apache.commons.math.linear$Array2DRowFieldMatrix#walkInColumnOrder(org.apache.commons.math.linear.FieldMatrixPreservingVisitor):526;0.0
org.apache.commons.math.linear$Array2DRowFieldMatrix#walkInColumnOrder(org.apache.commons.math.linear.FieldMatrixChangingVisitor,int,int,int,int):534;0.0
org.apache.commons.math.linear$Array2DRowFieldMatrix#walkInColumnOrder(org.apache.commons.math.linear.FieldMatrixChangingVisitor,int,int,int,int):535;0.0
org.apache.commons.math.linear$Array2DRowFieldMatrix#walkInColumnOrder(org.apache.commons.math.linear.FieldMatrixChangingVisitor,int,int,int,int):537;0.0
org.apache.commons.math.linear$Array2DRowFieldMatrix#walkInColumnOrder(org.apache.commons.math.linear.FieldMatrixChangingVisitor,int,int,int,int):538;0.0
org.apache.commons.math.linear$Array2DRowFieldMatrix#walkInColumnOrder(org.apache.commons.math.linear.FieldMatrixChangingVisitor,int,int,int,int):539;0.0
org.apache.commons.math.linear$Array2DRowFieldMatrix#walkInColumnOrder(org.apache.commons.math.linear.FieldMatrixChangingVisitor,int,int,int,int):540;0.0
org.apache.commons.math.linear$Array2DRowFieldMatrix#walkInColumnOrder(org.apache.commons.math.linear.FieldMatrixChangingVisitor,int,int,int,int):543;0.0
org.apache.commons.math.linear$Array2DRowFieldMatrix#walkInColumnOrder(org.apache.commons.math.linear.FieldMatrixPreservingVisitor,int,int,int,int):551;0.0
org.apache.commons.math.linear$Array2DRowFieldMatrix#walkInColumnOrder(org.apache.commons.math.linear.FieldMatrixPreservingVisitor,int,int,int,int):552;0.0
org.apache.commons.math.linear$Array2DRowFieldMatrix#walkInColumnOrder(org.apache.commons.math.linear.FieldMatrixPreservingVisitor,int,int,int,int):554;0.0
org.apache.commons.math.linear$Array2DRowFieldMatrix#walkInColumnOrder(org.apache.commons.math.linear.FieldMatrixPreservingVisitor,int,int,int,int):555;0.0
org.apache.commons.math.linear$Array2DRowFieldMatrix#walkInColumnOrder(org.apache.commons.math.linear.FieldMatrixPreservingVisitor,int,int,int,int):556;0.0
org.apache.commons.math.linear$Array2DRowFieldMatrix#walkInColumnOrder(org.apache.commons.math.linear.FieldMatrixPreservingVisitor,int,int,int,int):559;0.0
org.apache.commons.math.linear$Array2DRowFieldMatrix#copyOut():568;0.0
org.apache.commons.math.linear$Array2DRowFieldMatrix#copyOut():569;0.0
org.apache.commons.math.linear$Array2DRowFieldMatrix#copyOut():571;0.0
org.apache.commons.math.linear$Array2DRowFieldMatrix#copyOut():572;0.0
org.apache.commons.math.linear$Array2DRowFieldMatrix#copyOut():574;0.0
org.apache.commons.math.linear$Array2DRowFieldMatrix#copyIn(org.apache.commons.math.FieldElement[][]):587;0.0
org.apache.commons.math.linear$Array2DRowFieldMatrix#copyIn(org.apache.commons.math.FieldElement[][]):588;0.0
org.apache.commons.math.linear$MatrixDimensionMismatchException#MatrixDimensionMismatchException(int,int,int,int):45;0.0
org.apache.commons.math.linear$MatrixDimensionMismatchException#MatrixDimensionMismatchException(int,int,int,int):48;0.0
org.apache.commons.math.linear$MatrixDimensionMismatchException#getWrongRowDimension():54;0.0
org.apache.commons.math.linear$MatrixDimensionMismatchException#getExpectedRowDimension():60;0.0
org.apache.commons.math.linear$MatrixDimensionMismatchException#getWrongColumnDimension():66;0.0
org.apache.commons.math.linear$MatrixDimensionMismatchException#getExpectedColumnDimension():72;0.0
org.apache.commons.math.linear$NonSquareMatrixException#NonSquareMatrixException(int,int):40;0.0
org.apache.commons.math.linear$NonSquareMatrixException#NonSquareMatrixException(int,int):41;0.0
org.apache.commons.math.linear$AbstractFieldMatrix$1#visit(int,int,org.apache.commons.math.FieldElement):373;0.0
org.apache.commons.math.linear$AbstractFieldMatrix$3#visit(int,int,org.apache.commons.math.FieldElement):649;0.0
org.apache.commons.math.linear$AbstractFieldMatrix$3#visit(int,int,org.apache.commons.math.FieldElement):650;0.0
org.apache.commons.math.linear$OpenMapRealMatrix#OpenMapRealMatrix(int,int):49;0.0
org.apache.commons.math.linear$OpenMapRealMatrix#OpenMapRealMatrix(int,int):50;0.0
org.apache.commons.math.linear$OpenMapRealMatrix#OpenMapRealMatrix(int,int):51;0.0
org.apache.commons.math.linear$OpenMapRealMatrix#OpenMapRealMatrix(int,int):52;0.0
org.apache.commons.math.linear$OpenMapRealMatrix#OpenMapRealMatrix(int,int):53;0.0
org.apache.commons.math.linear$OpenMapRealMatrix#OpenMapRealMatrix(int,int):55;0.0
org.apache.commons.math.linear$OpenMapRealMatrix#OpenMapRealMatrix(int,int):56;0.0
org.apache.commons.math.linear$OpenMapRealMatrix#OpenMapRealMatrix(int,int):57;0.0
org.apache.commons.math.linear$OpenMapRealMatrix#OpenMapRealMatrix(int,int):58;0.0
org.apache.commons.math.linear$OpenMapRealMatrix#OpenMapRealMatrix(org.apache.commons.math.linear.OpenMapRealMatrix):65;0.0
org.apache.commons.math.linear$OpenMapRealMatrix#OpenMapRealMatrix(org.apache.commons.math.linear.OpenMapRealMatrix):66;0.0
org.apache.commons.math.linear$OpenMapRealMatrix#OpenMapRealMatrix(org.apache.commons.math.linear.OpenMapRealMatrix):67;0.0
org.apache.commons.math.linear$OpenMapRealMatrix#OpenMapRealMatrix(org.apache.commons.math.linear.OpenMapRealMatrix):68;0.0
org.apache.commons.math.linear$OpenMapRealMatrix#OpenMapRealMatrix(org.apache.commons.math.linear.OpenMapRealMatrix):69;0.0
org.apache.commons.math.linear$OpenMapRealMatrix#copy():74;0.0
org.apache.commons.math.linear$OpenMapRealMatrix#createMatrix(int,int):80;0.0
org.apache.commons.math.linear$OpenMapRealMatrix#getColumnDimension():86;0.0
org.apache.commons.math.linear$OpenMapRealMatrix#add(org.apache.commons.math.linear.OpenMapRealMatrix):100;0.0
org.apache.commons.math.linear$OpenMapRealMatrix#add(org.apache.commons.math.linear.OpenMapRealMatrix):102;0.0
org.apache.commons.math.linear$OpenMapRealMatrix#add(org.apache.commons.math.linear.OpenMapRealMatrix):103;0.0
org.apache.commons.math.linear$OpenMapRealMatrix#add(org.apache.commons.math.linear.OpenMapRealMatrix):104;0.0
org.apache.commons.math.linear$OpenMapRealMatrix#add(org.apache.commons.math.linear.OpenMapRealMatrix):105;0.0
org.apache.commons.math.linear$OpenMapRealMatrix#add(org.apache.commons.math.linear.OpenMapRealMatrix):106;0.0
org.apache.commons.math.linear$OpenMapRealMatrix#add(org.apache.commons.math.linear.OpenMapRealMatrix):107;0.0
org.apache.commons.math.linear$OpenMapRealMatrix#add(org.apache.commons.math.linear.OpenMapRealMatrix):108;0.0
org.apache.commons.math.linear$OpenMapRealMatrix#add(org.apache.commons.math.linear.OpenMapRealMatrix):110;0.0
org.apache.commons.math.linear$OpenMapRealMatrix#subtract(org.apache.commons.math.linear.RealMatrix):118;0.0
org.apache.commons.math.linear$OpenMapRealMatrix#subtract(org.apache.commons.math.linear.RealMatrix):119;0.0
org.apache.commons.math.linear$OpenMapRealMatrix#subtract(org.apache.commons.math.linear.RealMatrix):120;0.0
org.apache.commons.math.linear$OpenMapRealMatrix#subtract(org.apache.commons.math.linear.OpenMapRealMatrix):134;0.0
org.apache.commons.math.linear$OpenMapRealMatrix#subtract(org.apache.commons.math.linear.OpenMapRealMatrix):136;0.0
org.apache.commons.math.linear$OpenMapRealMatrix#subtract(org.apache.commons.math.linear.OpenMapRealMatrix):137;0.0
org.apache.commons.math.linear$OpenMapRealMatrix#subtract(org.apache.commons.math.linear.OpenMapRealMatrix):138;0.0
org.apache.commons.math.linear$OpenMapRealMatrix#subtract(org.apache.commons.math.linear.OpenMapRealMatrix):139;0.0
org.apache.commons.math.linear$OpenMapRealMatrix#subtract(org.apache.commons.math.linear.OpenMapRealMatrix):140;0.0
org.apache.commons.math.linear$OpenMapRealMatrix#subtract(org.apache.commons.math.linear.OpenMapRealMatrix):141;0.0
org.apache.commons.math.linear$OpenMapRealMatrix#subtract(org.apache.commons.math.linear.OpenMapRealMatrix):142;0.0
org.apache.commons.math.linear$OpenMapRealMatrix#subtract(org.apache.commons.math.linear.OpenMapRealMatrix):144;0.0
org.apache.commons.math.linear$OpenMapRealMatrix#multiply(org.apache.commons.math.linear.RealMatrix):151;0.0
org.apache.commons.math.linear$OpenMapRealMatrix#multiply(org.apache.commons.math.linear.RealMatrix):152;0.0
org.apache.commons.math.linear$OpenMapRealMatrix#multiply(org.apache.commons.math.linear.RealMatrix):155;0.0
org.apache.commons.math.linear$OpenMapRealMatrix#multiply(org.apache.commons.math.linear.RealMatrix):157;0.0
org.apache.commons.math.linear$OpenMapRealMatrix#multiply(org.apache.commons.math.linear.RealMatrix):158;0.0
org.apache.commons.math.linear$OpenMapRealMatrix#multiply(org.apache.commons.math.linear.RealMatrix):159;0.0
org.apache.commons.math.linear$OpenMapRealMatrix#multiply(org.apache.commons.math.linear.RealMatrix):160;0.0
org.apache.commons.math.linear$OpenMapRealMatrix#multiply(org.apache.commons.math.linear.RealMatrix):161;0.0
org.apache.commons.math.linear$OpenMapRealMatrix#multiply(org.apache.commons.math.linear.RealMatrix):162;0.0
org.apache.commons.math.linear$OpenMapRealMatrix#multiply(org.apache.commons.math.linear.RealMatrix):163;0.0
org.apache.commons.math.linear$OpenMapRealMatrix#multiply(org.apache.commons.math.linear.RealMatrix):164;0.0
org.apache.commons.math.linear$OpenMapRealMatrix#multiply(org.apache.commons.math.linear.RealMatrix):165;0.0
org.apache.commons.math.linear$OpenMapRealMatrix#multiply(org.apache.commons.math.linear.RealMatrix):166;0.0
org.apache.commons.math.linear$OpenMapRealMatrix#multiply(org.apache.commons.math.linear.RealMatrix):168;0.0
org.apache.commons.math.linear$OpenMapRealMatrix#multiply(org.apache.commons.math.linear.RealMatrix):170;0.0
org.apache.commons.math.linear$OpenMapRealMatrix#multiply(org.apache.commons.math.linear.OpenMapRealMatrix):185;0.0
org.apache.commons.math.linear$OpenMapRealMatrix#multiply(org.apache.commons.math.linear.OpenMapRealMatrix):187;0.0
org.apache.commons.math.linear$OpenMapRealMatrix#multiply(org.apache.commons.math.linear.OpenMapRealMatrix):188;0.0
org.apache.commons.math.linear$OpenMapRealMatrix#multiply(org.apache.commons.math.linear.OpenMapRealMatrix):189;0.0
org.apache.commons.math.linear$OpenMapRealMatrix#multiply(org.apache.commons.math.linear.OpenMapRealMatrix):190;0.0
org.apache.commons.math.linear$OpenMapRealMatrix#multiply(org.apache.commons.math.linear.OpenMapRealMatrix):191;0.0
org.apache.commons.math.linear$OpenMapRealMatrix#multiply(org.apache.commons.math.linear.OpenMapRealMatrix):192;0.0
org.apache.commons.math.linear$OpenMapRealMatrix#multiply(org.apache.commons.math.linear.OpenMapRealMatrix):193;0.0
org.apache.commons.math.linear$OpenMapRealMatrix#multiply(org.apache.commons.math.linear.OpenMapRealMatrix):194;0.0
org.apache.commons.math.linear$OpenMapRealMatrix#multiply(org.apache.commons.math.linear.OpenMapRealMatrix):195;0.0
org.apache.commons.math.linear$OpenMapRealMatrix#multiply(org.apache.commons.math.linear.OpenMapRealMatrix):196;0.0
org.apache.commons.math.linear$OpenMapRealMatrix#multiply(org.apache.commons.math.linear.OpenMapRealMatrix):197;0.0
org.apache.commons.math.linear$OpenMapRealMatrix#multiply(org.apache.commons.math.linear.OpenMapRealMatrix):198;0.0
org.apache.commons.math.linear$OpenMapRealMatrix#multiply(org.apache.commons.math.linear.OpenMapRealMatrix):199;0.0
org.apache.commons.math.linear$OpenMapRealMatrix#multiply(org.apache.commons.math.linear.OpenMapRealMatrix):201;0.0
org.apache.commons.math.linear$OpenMapRealMatrix#multiply(org.apache.commons.math.linear.OpenMapRealMatrix):202;0.0
org.apache.commons.math.linear$OpenMapRealMatrix#multiply(org.apache.commons.math.linear.OpenMapRealMatrix):204;0.0
org.apache.commons.math.linear$OpenMapRealMatrix#multiply(org.apache.commons.math.linear.OpenMapRealMatrix):208;0.0
org.apache.commons.math.linear$OpenMapRealMatrix#multiply(org.apache.commons.math.linear.OpenMapRealMatrix):210;0.0
org.apache.commons.math.linear$OpenMapRealMatrix#getEntry(int,int):216;0.0
org.apache.commons.math.linear$OpenMapRealMatrix#getEntry(int,int):217;0.0
org.apache.commons.math.linear$OpenMapRealMatrix#getEntry(int,int):218;0.0
org.apache.commons.math.linear$OpenMapRealMatrix#getRowDimension():224;0.0
org.apache.commons.math.linear$OpenMapRealMatrix#setEntry(int,int,double):230;0.0
org.apache.commons.math.linear$OpenMapRealMatrix#setEntry(int,int,double):231;0.0
org.apache.commons.math.linear$OpenMapRealMatrix#setEntry(int,int,double):232;0.0
org.apache.commons.math.linear$OpenMapRealMatrix#setEntry(int,int,double):233;0.0
org.apache.commons.math.linear$OpenMapRealMatrix#setEntry(int,int,double):235;0.0
org.apache.commons.math.linear$OpenMapRealMatrix#setEntry(int,int,double):237;0.0
org.apache.commons.math.linear$OpenMapRealMatrix#addToEntry(int,int,double):242;0.0
org.apache.commons.math.linear$OpenMapRealMatrix#addToEntry(int,int,double):243;0.0
org.apache.commons.math.linear$OpenMapRealMatrix#addToEntry(int,int,double):244;0.0
org.apache.commons.math.linear$OpenMapRealMatrix#addToEntry(int,int,double):245;0.0
org.apache.commons.math.linear$OpenMapRealMatrix#addToEntry(int,int,double):246;0.0
org.apache.commons.math.linear$OpenMapRealMatrix#addToEntry(int,int,double):247;0.0
org.apache.commons.math.linear$OpenMapRealMatrix#addToEntry(int,int,double):249;0.0
org.apache.commons.math.linear$OpenMapRealMatrix#addToEntry(int,int,double):251;0.0
org.apache.commons.math.linear$OpenMapRealMatrix#multiplyEntry(int,int,double):256;0.0
org.apache.commons.math.linear$OpenMapRealMatrix#multiplyEntry(int,int,double):257;0.0
org.apache.commons.math.linear$OpenMapRealMatrix#multiplyEntry(int,int,double):258;0.0
org.apache.commons.math.linear$OpenMapRealMatrix#multiplyEntry(int,int,double):259;0.0
org.apache.commons.math.linear$OpenMapRealMatrix#multiplyEntry(int,int,double):260;0.0
org.apache.commons.math.linear$OpenMapRealMatrix#multiplyEntry(int,int,double):261;0.0
org.apache.commons.math.linear$OpenMapRealMatrix#multiplyEntry(int,int,double):263;0.0
org.apache.commons.math.linear$OpenMapRealMatrix#multiplyEntry(int,int,double):265;0.0
org.apache.commons.math.linear$OpenMapRealMatrix#computeKey(int,int):274;0.0
org.apache.commons.math.linear$AbstractRealMatrix$3#visit(int,int,double):323;0.0
org.apache.commons.math.exception$MathParseException#MathParseException(java.lang.String,int,java.lang.Class):42;0.0
org.apache.commons.math.exception$MathParseException#MathParseException(java.lang.String,int,java.lang.Class):43;0.0
org.apache.commons.math.exception$MathParseException#MathParseException(java.lang.String,int,java.lang.Class):45;0.0
org.apache.commons.math.exception$MathParseException#MathParseException(java.lang.String,int):53;0.0
org.apache.commons.math.exception$MathParseException#MathParseException(java.lang.String,int):54;0.0
org.apache.commons.math.exception$MathParseException#MathParseException(java.lang.String,int):56;0.0
org.apache.commons.math.linear$MatrixUtils$FractionMatrixConverter#MatrixUtils$FractionMatrixConverter():531;0.0
org.apache.commons.math.linear$MatrixUtils$FractionMatrixConverter#MatrixUtils$FractionMatrixConverter():532;0.0
org.apache.commons.math.linear$MatrixUtils$FractionMatrixConverter#start(int,int,int,int,int,int):538;0.0
org.apache.commons.math.linear$MatrixUtils$FractionMatrixConverter#start(int,int,int,int,int,int):539;0.0
org.apache.commons.math.linear$MatrixUtils$FractionMatrixConverter#visit(int,int,org.apache.commons.math.fraction.Fraction):544;0.0
org.apache.commons.math.linear$MatrixUtils$FractionMatrixConverter#visit(int,int,org.apache.commons.math.fraction.Fraction):545;0.0
org.apache.commons.math.linear$MatrixUtils$FractionMatrixConverter#getConvertedMatrix():553;0.0
org.apache.commons.math.linear$MatrixUtils$BigFractionMatrixConverter#MatrixUtils$BigFractionMatrixConverter():576;0.0
org.apache.commons.math.linear$MatrixUtils$BigFractionMatrixConverter#MatrixUtils$BigFractionMatrixConverter():577;0.0
org.apache.commons.math.linear$MatrixUtils$BigFractionMatrixConverter#start(int,int,int,int,int,int):583;0.0
org.apache.commons.math.linear$MatrixUtils$BigFractionMatrixConverter#start(int,int,int,int,int,int):584;0.0
org.apache.commons.math.linear$MatrixUtils$BigFractionMatrixConverter#visit(int,int,org.apache.commons.math.fraction.BigFraction):589;0.0
org.apache.commons.math.linear$MatrixUtils$BigFractionMatrixConverter#visit(int,int,org.apache.commons.math.fraction.BigFraction):590;0.0
org.apache.commons.math.linear$MatrixUtils$BigFractionMatrixConverter#getConvertedMatrix():598;0.0
org.apache.commons.math.linear$AbstractRealMatrix$4#start(int,int,int,int,int,int):358;0.0
org.apache.commons.math.linear$AbstractRealMatrix$4#start(int,int,int,int,int,int):359;0.0
org.apache.commons.math.linear$AbstractRealMatrix$4#start(int,int,int,int,int,int):360;0.0
org.apache.commons.math.linear$AbstractRealMatrix$4#visit(int,int,double):365;0.0
org.apache.commons.math.linear$AbstractRealMatrix$4#visit(int,int,double):366;0.0
org.apache.commons.math.linear$AbstractFieldMatrix$2#start(int,int,int,int,int,int):411;0.0
org.apache.commons.math.linear$AbstractFieldMatrix$2#start(int,int,int,int,int,int):412;0.0
org.apache.commons.math.linear$AbstractFieldMatrix$2#start(int,int,int,int,int,int):413;0.0
org.apache.commons.math.linear$AbstractFieldMatrix$2#visit(int,int,org.apache.commons.math.FieldElement):418;0.0
org.apache.commons.math.linear$AbstractFieldMatrix$2#visit(int,int,org.apache.commons.math.FieldElement):419;0.0
org.apache.commons.math.linear$RealVector$Entry#RealVector$Entry(org.apache.commons.math.linear.RealVector):810;0.0
org.apache.commons.math.linear$RealVector$Entry#RealVector$Entry(org.apache.commons.math.linear.RealVector):811;0.0
org.apache.commons.math.linear$RealVector$Entry#RealVector$Entry(org.apache.commons.math.linear.RealVector):812;0.0
org.apache.commons.math.linear$RealVector$Entry#getValue():820;0.0
org.apache.commons.math.linear$RealVector$Entry#setValue(double):829;0.0
org.apache.commons.math.linear$RealVector$Entry#setValue(double):830;0.0
org.apache.commons.math.linear$RealVector$Entry#getIndex():838;0.0
org.apache.commons.math.linear$RealVector$Entry#setIndex(int):847;0.0
org.apache.commons.math.linear$RealVector$Entry#setIndex(int):848;0.0
org.apache.commons.math.linear$RealVector$1#hasNext():711;0.0
org.apache.commons.math.linear$RealVector$1#next():716;0.0
org.apache.commons.math.linear$RealVector$1#next():717;0.0
org.apache.commons.math.linear$RealVector$1#remove():722;0.0
org.apache.commons.math.linear$RealVector$2$1#hasNext():972;0.0
org.apache.commons.math.linear$RealVector$2$1#next():977;0.0
org.apache.commons.math.linear$RealVector$2$1#next():978;0.0
org.apache.commons.math.linear$RealVector$2$1#remove():983;0.0
org.apache.commons.math.linear$RealVector$2$UnmodifiableEntry#RealVector$2$UnmodifiableEntry(org.apache.commons.math.linear.RealVector$2):1250;0.0
org.apache.commons.math.linear$RealVector$2$UnmodifiableEntry#getValue():1254;0.0
org.apache.commons.math.linear$RealVector$2$UnmodifiableEntry#setValue(double):1260;0.0
org.apache.commons.math.linear$RealVector$SparseEntryIterator#RealVector$SparseEntryIterator(org.apache.commons.math.linear.RealVector):873;0.0
org.apache.commons.math.linear$RealVector$SparseEntryIterator#RealVector$SparseEntryIterator(org.apache.commons.math.linear.RealVector):874;0.0
org.apache.commons.math.linear$RealVector$SparseEntryIterator#RealVector$SparseEntryIterator(org.apache.commons.math.linear.RealVector):875;0.0
org.apache.commons.math.linear$RealVector$SparseEntryIterator#RealVector$SparseEntryIterator(org.apache.commons.math.linear.RealVector):876;0.0
org.apache.commons.math.linear$RealVector$SparseEntryIterator#RealVector$SparseEntryIterator(org.apache.commons.math.linear.RealVector):877;0.0
org.apache.commons.math.linear$RealVector$SparseEntryIterator#RealVector$SparseEntryIterator(org.apache.commons.math.linear.RealVector):878;0.0
org.apache.commons.math.linear$RealVector$SparseEntryIterator#RealVector$SparseEntryIterator(org.apache.commons.math.linear.RealVector):880;0.0
org.apache.commons.math.linear$RealVector$SparseEntryIterator#advance(org.apache.commons.math.linear.RealVector$Entry):888;0.0
org.apache.commons.math.linear$RealVector$SparseEntryIterator#advance(org.apache.commons.math.linear.RealVector$Entry):889;0.0
org.apache.commons.math.linear$RealVector$SparseEntryIterator#advance(org.apache.commons.math.linear.RealVector$Entry):892;0.0
org.apache.commons.math.linear$RealVector$SparseEntryIterator#advance(org.apache.commons.math.linear.RealVector$Entry):893;0.0
org.apache.commons.math.linear$RealVector$SparseEntryIterator#advance(org.apache.commons.math.linear.RealVector$Entry):894;0.0
org.apache.commons.math.linear$RealVector$SparseEntryIterator#advance(org.apache.commons.math.linear.RealVector$Entry):895;0.0
org.apache.commons.math.linear$RealVector$SparseEntryIterator#advance(org.apache.commons.math.linear.RealVector$Entry):897;0.0
org.apache.commons.math.linear$RealVector$SparseEntryIterator#hasNext():901;0.0
org.apache.commons.math.linear$RealVector$SparseEntryIterator#next():906;0.0
org.apache.commons.math.linear$RealVector$SparseEntryIterator#next():907;0.0
org.apache.commons.math.linear$RealVector$SparseEntryIterator#next():908;0.0
org.apache.commons.math.linear$RealVector$SparseEntryIterator#next():910;0.0
org.apache.commons.math.linear$RealVector$SparseEntryIterator#next():911;0.0
org.apache.commons.math.linear$RealVector$SparseEntryIterator#next():912;0.0
org.apache.commons.math.linear$RealVector$SparseEntryIterator#remove():917;0.0
org.apache.commons.math.linear$RealVector$2$2#hasNext():999;0.0
org.apache.commons.math.linear$RealVector$2$2#next():1004;0.0
org.apache.commons.math.linear$RealVector$2$2#next():1005;0.0
org.apache.commons.math.linear$RealVector$2$2#remove():1010;0.0
org.apache.commons.math.linear$BlockFieldMatrix#BlockFieldMatrix(org.apache.commons.math.Field,int,int):96;0.0
org.apache.commons.math.linear$BlockFieldMatrix#BlockFieldMatrix(org.apache.commons.math.Field,int,int):97;0.0
org.apache.commons.math.linear$BlockFieldMatrix#BlockFieldMatrix(org.apache.commons.math.Field,int,int):98;0.0
org.apache.commons.math.linear$BlockFieldMatrix#BlockFieldMatrix(org.apache.commons.math.Field,int,int):101;0.0
org.apache.commons.math.linear$BlockFieldMatrix#BlockFieldMatrix(org.apache.commons.math.Field,int,int):102;0.0
org.apache.commons.math.linear$BlockFieldMatrix#BlockFieldMatrix(org.apache.commons.math.Field,int,int):105;0.0
org.apache.commons.math.linear$BlockFieldMatrix#BlockFieldMatrix(org.apache.commons.math.Field,int,int):106;0.0
org.apache.commons.math.linear$BlockFieldMatrix#BlockFieldMatrix(org.apache.commons.math.FieldElement[][]):122;0.0
org.apache.commons.math.linear$BlockFieldMatrix#BlockFieldMatrix(org.apache.commons.math.FieldElement[][]):123;0.0
org.apache.commons.math.linear$BlockFieldMatrix#BlockFieldMatrix(int,int,org.apache.commons.math.FieldElement[][],boolean):142;0.0
org.apache.commons.math.linear$BlockFieldMatrix#BlockFieldMatrix(int,int,org.apache.commons.math.FieldElement[][],boolean):143;0.0
org.apache.commons.math.linear$BlockFieldMatrix#BlockFieldMatrix(int,int,org.apache.commons.math.FieldElement[][],boolean):144;0.0
org.apache.commons.math.linear$BlockFieldMatrix#BlockFieldMatrix(int,int,org.apache.commons.math.FieldElement[][],boolean):147;0.0
org.apache.commons.math.linear$BlockFieldMatrix#BlockFieldMatrix(int,int,org.apache.commons.math.FieldElement[][],boolean):148;0.0
org.apache.commons.math.linear$BlockFieldMatrix#BlockFieldMatrix(int,int,org.apache.commons.math.FieldElement[][],boolean):150;0.0
org.apache.commons.math.linear$BlockFieldMatrix#BlockFieldMatrix(int,int,org.apache.commons.math.FieldElement[][],boolean):152;0.0
org.apache.commons.math.linear$BlockFieldMatrix#BlockFieldMatrix(int,int,org.apache.commons.math.FieldElement[][],boolean):155;0.0
org.apache.commons.math.linear$BlockFieldMatrix#BlockFieldMatrix(int,int,org.apache.commons.math.FieldElement[][],boolean):158;0.0
org.apache.commons.math.linear$BlockFieldMatrix#BlockFieldMatrix(int,int,org.apache.commons.math.FieldElement[][],boolean):159;0.0
org.apache.commons.math.linear$BlockFieldMatrix#BlockFieldMatrix(int,int,org.apache.commons.math.FieldElement[][],boolean):160;0.0
org.apache.commons.math.linear$BlockFieldMatrix#BlockFieldMatrix(int,int,org.apache.commons.math.FieldElement[][],boolean):161;0.0
org.apache.commons.math.linear$BlockFieldMatrix#BlockFieldMatrix(int,int,org.apache.commons.math.FieldElement[][],boolean):162;0.0
org.apache.commons.math.linear$BlockFieldMatrix#BlockFieldMatrix(int,int,org.apache.commons.math.FieldElement[][],boolean):163;0.0
org.apache.commons.math.linear$BlockFieldMatrix#BlockFieldMatrix(int,int,org.apache.commons.math.FieldElement[][],boolean):166;0.0
org.apache.commons.math.linear$BlockFieldMatrix#BlockFieldMatrix(int,int,org.apache.commons.math.FieldElement[][],boolean):167;0.0
org.apache.commons.math.linear$BlockFieldMatrix#BlockFieldMatrix(int,int,org.apache.commons.math.FieldElement[][],boolean):171;0.0
org.apache.commons.math.linear$BlockFieldMatrix#toBlocksLayout(org.apache.commons.math.FieldElement[][]):199;0.0
org.apache.commons.math.linear$BlockFieldMatrix#toBlocksLayout(org.apache.commons.math.FieldElement[][]):200;0.0
org.apache.commons.math.linear$BlockFieldMatrix#toBlocksLayout(org.apache.commons.math.FieldElement[][]):201;0.0
org.apache.commons.math.linear$BlockFieldMatrix#toBlocksLayout(org.apache.commons.math.FieldElement[][]):202;0.0
org.apache.commons.math.linear$BlockFieldMatrix#toBlocksLayout(org.apache.commons.math.FieldElement[][]):205;0.0
org.apache.commons.math.linear$BlockFieldMatrix#toBlocksLayout(org.apache.commons.math.FieldElement[][]):206;0.0
org.apache.commons.math.linear$BlockFieldMatrix#toBlocksLayout(org.apache.commons.math.FieldElement[][]):207;0.0
org.apache.commons.math.linear$BlockFieldMatrix#toBlocksLayout(org.apache.commons.math.FieldElement[][]):208;0.0
org.apache.commons.math.linear$BlockFieldMatrix#toBlocksLayout(org.apache.commons.math.FieldElement[][]):213;0.0
org.apache.commons.math.linear$BlockFieldMatrix#toBlocksLayout(org.apache.commons.math.FieldElement[][]):214;0.0
org.apache.commons.math.linear$BlockFieldMatrix#toBlocksLayout(org.apache.commons.math.FieldElement[][]):215;0.0
org.apache.commons.math.linear$BlockFieldMatrix#toBlocksLayout(org.apache.commons.math.FieldElement[][]):216;0.0
org.apache.commons.math.linear$BlockFieldMatrix#toBlocksLayout(org.apache.commons.math.FieldElement[][]):217;0.0
org.apache.commons.math.linear$BlockFieldMatrix#toBlocksLayout(org.apache.commons.math.FieldElement[][]):218;0.0
org.apache.commons.math.linear$BlockFieldMatrix#toBlocksLayout(org.apache.commons.math.FieldElement[][]):219;0.0
org.apache.commons.math.linear$BlockFieldMatrix#toBlocksLayout(org.apache.commons.math.FieldElement[][]):220;0.0
org.apache.commons.math.linear$BlockFieldMatrix#toBlocksLayout(org.apache.commons.math.FieldElement[][]):221;0.0
org.apache.commons.math.linear$BlockFieldMatrix#toBlocksLayout(org.apache.commons.math.FieldElement[][]):222;0.0
org.apache.commons.math.linear$BlockFieldMatrix#toBlocksLayout(org.apache.commons.math.FieldElement[][]):223;0.0
org.apache.commons.math.linear$BlockFieldMatrix#toBlocksLayout(org.apache.commons.math.FieldElement[][]):226;0.0
org.apache.commons.math.linear$BlockFieldMatrix#toBlocksLayout(org.apache.commons.math.FieldElement[][]):227;0.0
org.apache.commons.math.linear$BlockFieldMatrix#toBlocksLayout(org.apache.commons.math.FieldElement[][]):230;0.0
org.apache.commons.math.linear$BlockFieldMatrix#toBlocksLayout(org.apache.commons.math.FieldElement[][]):231;0.0
org.apache.commons.math.linear$BlockFieldMatrix#toBlocksLayout(org.apache.commons.math.FieldElement[][]):232;0.0
org.apache.commons.math.linear$BlockFieldMatrix#toBlocksLayout(org.apache.commons.math.FieldElement[][]):233;0.0
org.apache.commons.math.linear$BlockFieldMatrix#toBlocksLayout(org.apache.commons.math.FieldElement[][]):236;0.0
org.apache.commons.math.linear$BlockFieldMatrix#toBlocksLayout(org.apache.commons.math.FieldElement[][]):240;0.0
org.apache.commons.math.linear$BlockFieldMatrix#createBlocksLayout(org.apache.commons.math.Field,int,int):260;0.0
org.apache.commons.math.linear$BlockFieldMatrix#createBlocksLayout(org.apache.commons.math.Field,int,int):261;0.0
org.apache.commons.math.linear$BlockFieldMatrix#createBlocksLayout(org.apache.commons.math.Field,int,int):263;0.0
org.apache.commons.math.linear$BlockFieldMatrix#createBlocksLayout(org.apache.commons.math.Field,int,int):264;0.0
org.apache.commons.math.linear$BlockFieldMatrix#createBlocksLayout(org.apache.commons.math.Field,int,int):265;0.0
org.apache.commons.math.linear$BlockFieldMatrix#createBlocksLayout(org.apache.commons.math.Field,int,int):266;0.0
org.apache.commons.math.linear$BlockFieldMatrix#createBlocksLayout(org.apache.commons.math.Field,int,int):267;0.0
org.apache.commons.math.linear$BlockFieldMatrix#createBlocksLayout(org.apache.commons.math.Field,int,int):268;0.0
org.apache.commons.math.linear$BlockFieldMatrix#createBlocksLayout(org.apache.commons.math.Field,int,int):269;0.0
org.apache.commons.math.linear$BlockFieldMatrix#createBlocksLayout(org.apache.commons.math.Field,int,int):270;0.0
org.apache.commons.math.linear$BlockFieldMatrix#createBlocksLayout(org.apache.commons.math.Field,int,int):271;0.0
org.apache.commons.math.linear$BlockFieldMatrix#createBlocksLayout(org.apache.commons.math.Field,int,int):272;0.0
org.apache.commons.math.linear$BlockFieldMatrix#createBlocksLayout(org.apache.commons.math.Field,int,int):273;0.0
org.apache.commons.math.linear$BlockFieldMatrix#createBlocksLayout(org.apache.commons.math.Field,int,int):274;0.0
org.apache.commons.math.linear$BlockFieldMatrix#createBlocksLayout(org.apache.commons.math.Field,int,int):278;0.0
org.apache.commons.math.linear$BlockFieldMatrix#createMatrix(int,int):284;0.0
org.apache.commons.math.linear$BlockFieldMatrix#copy():292;0.0
org.apache.commons.math.linear$BlockFieldMatrix#copy():295;0.0
org.apache.commons.math.linear$BlockFieldMatrix#copy():296;0.0
org.apache.commons.math.linear$BlockFieldMatrix#copy():299;0.0
org.apache.commons.math.linear$BlockFieldMatrix#add(org.apache.commons.math.linear.FieldMatrix):306;0.0
org.apache.commons.math.linear$BlockFieldMatrix#add(org.apache.commons.math.linear.FieldMatrix):307;0.0
org.apache.commons.math.linear$BlockFieldMatrix#add(org.apache.commons.math.linear.FieldMatrix):310;0.0
org.apache.commons.math.linear$BlockFieldMatrix#add(org.apache.commons.math.linear.FieldMatrix):312;0.0
org.apache.commons.math.linear$BlockFieldMatrix#add(org.apache.commons.math.linear.FieldMatrix):315;0.0
org.apache.commons.math.linear$BlockFieldMatrix#add(org.apache.commons.math.linear.FieldMatrix):316;0.0
org.apache.commons.math.linear$BlockFieldMatrix#add(org.apache.commons.math.linear.FieldMatrix):317;0.0
org.apache.commons.math.linear$BlockFieldMatrix#add(org.apache.commons.math.linear.FieldMatrix):320;0.0
org.apache.commons.math.linear$BlockFieldMatrix#add(org.apache.commons.math.linear.FieldMatrix):321;0.0
org.apache.commons.math.linear$BlockFieldMatrix#add(org.apache.commons.math.linear.FieldMatrix):322;0.0
org.apache.commons.math.linear$BlockFieldMatrix#add(org.apache.commons.math.linear.FieldMatrix):323;0.0
org.apache.commons.math.linear$BlockFieldMatrix#add(org.apache.commons.math.linear.FieldMatrix):324;0.0
org.apache.commons.math.linear$BlockFieldMatrix#add(org.apache.commons.math.linear.FieldMatrix):325;0.0
org.apache.commons.math.linear$BlockFieldMatrix#add(org.apache.commons.math.linear.FieldMatrix):326;0.0
org.apache.commons.math.linear$BlockFieldMatrix#add(org.apache.commons.math.linear.FieldMatrix):327;0.0
org.apache.commons.math.linear$BlockFieldMatrix#add(org.apache.commons.math.linear.FieldMatrix):328;0.0
org.apache.commons.math.linear$BlockFieldMatrix#add(org.apache.commons.math.linear.FieldMatrix):329;0.0
org.apache.commons.math.linear$BlockFieldMatrix#add(org.apache.commons.math.linear.FieldMatrix):330;0.0
org.apache.commons.math.linear$BlockFieldMatrix#add(org.apache.commons.math.linear.FieldMatrix):335;0.0
org.apache.commons.math.linear$BlockFieldMatrix#add(org.apache.commons.math.linear.FieldMatrix):340;0.0
org.apache.commons.math.linear$BlockFieldMatrix#add(org.apache.commons.math.linear.BlockFieldMatrix):354;0.0
org.apache.commons.math.linear$BlockFieldMatrix#add(org.apache.commons.math.linear.BlockFieldMatrix):356;0.0
org.apache.commons.math.linear$BlockFieldMatrix#add(org.apache.commons.math.linear.BlockFieldMatrix):359;0.0
org.apache.commons.math.linear$BlockFieldMatrix#add(org.apache.commons.math.linear.BlockFieldMatrix):360;0.0
org.apache.commons.math.linear$BlockFieldMatrix#add(org.apache.commons.math.linear.BlockFieldMatrix):361;0.0
org.apache.commons.math.linear$BlockFieldMatrix#add(org.apache.commons.math.linear.BlockFieldMatrix):362;0.0
org.apache.commons.math.linear$BlockFieldMatrix#add(org.apache.commons.math.linear.BlockFieldMatrix):363;0.0
org.apache.commons.math.linear$BlockFieldMatrix#add(org.apache.commons.math.linear.BlockFieldMatrix):364;0.0
org.apache.commons.math.linear$BlockFieldMatrix#add(org.apache.commons.math.linear.BlockFieldMatrix):368;0.0
org.apache.commons.math.linear$BlockFieldMatrix#subtract(org.apache.commons.math.linear.FieldMatrix):375;0.0
org.apache.commons.math.linear$BlockFieldMatrix#subtract(org.apache.commons.math.linear.FieldMatrix):376;0.0
org.apache.commons.math.linear$BlockFieldMatrix#subtract(org.apache.commons.math.linear.FieldMatrix):379;0.0
org.apache.commons.math.linear$BlockFieldMatrix#subtract(org.apache.commons.math.linear.FieldMatrix):381;0.0
org.apache.commons.math.linear$BlockFieldMatrix#subtract(org.apache.commons.math.linear.FieldMatrix):384;0.0
org.apache.commons.math.linear$BlockFieldMatrix#subtract(org.apache.commons.math.linear.FieldMatrix):385;0.0
org.apache.commons.math.linear$BlockFieldMatrix#subtract(org.apache.commons.math.linear.FieldMatrix):386;0.0
org.apache.commons.math.linear$BlockFieldMatrix#subtract(org.apache.commons.math.linear.FieldMatrix):389;0.0
org.apache.commons.math.linear$BlockFieldMatrix#subtract(org.apache.commons.math.linear.FieldMatrix):390;0.0
org.apache.commons.math.linear$BlockFieldMatrix#subtract(org.apache.commons.math.linear.FieldMatrix):391;0.0
org.apache.commons.math.linear$BlockFieldMatrix#subtract(org.apache.commons.math.linear.FieldMatrix):392;0.0
org.apache.commons.math.linear$BlockFieldMatrix#subtract(org.apache.commons.math.linear.FieldMatrix):393;0.0
org.apache.commons.math.linear$BlockFieldMatrix#subtract(org.apache.commons.math.linear.FieldMatrix):394;0.0
org.apache.commons.math.linear$BlockFieldMatrix#subtract(org.apache.commons.math.linear.FieldMatrix):395;0.0
org.apache.commons.math.linear$BlockFieldMatrix#subtract(org.apache.commons.math.linear.FieldMatrix):396;0.0
org.apache.commons.math.linear$BlockFieldMatrix#subtract(org.apache.commons.math.linear.FieldMatrix):397;0.0
org.apache.commons.math.linear$BlockFieldMatrix#subtract(org.apache.commons.math.linear.FieldMatrix):398;0.0
org.apache.commons.math.linear$BlockFieldMatrix#subtract(org.apache.commons.math.linear.FieldMatrix):399;0.0
org.apache.commons.math.linear$BlockFieldMatrix#subtract(org.apache.commons.math.linear.FieldMatrix):404;0.0
org.apache.commons.math.linear$BlockFieldMatrix#subtract(org.apache.commons.math.linear.FieldMatrix):409;0.0
org.apache.commons.math.linear$BlockFieldMatrix#subtract(org.apache.commons.math.linear.BlockFieldMatrix):422;0.0
org.apache.commons.math.linear$BlockFieldMatrix#subtract(org.apache.commons.math.linear.BlockFieldMatrix):424;0.0
org.apache.commons.math.linear$BlockFieldMatrix#subtract(org.apache.commons.math.linear.BlockFieldMatrix):427;0.0
org.apache.commons.math.linear$BlockFieldMatrix#subtract(org.apache.commons.math.linear.BlockFieldMatrix):428;0.0
org.apache.commons.math.linear$BlockFieldMatrix#subtract(org.apache.commons.math.linear.BlockFieldMatrix):429;0.0
org.apache.commons.math.linear$BlockFieldMatrix#subtract(org.apache.commons.math.linear.BlockFieldMatrix):430;0.0
org.apache.commons.math.linear$BlockFieldMatrix#subtract(org.apache.commons.math.linear.BlockFieldMatrix):431;0.0
org.apache.commons.math.linear$BlockFieldMatrix#subtract(org.apache.commons.math.linear.BlockFieldMatrix):432;0.0
org.apache.commons.math.linear$BlockFieldMatrix#subtract(org.apache.commons.math.linear.BlockFieldMatrix):436;0.0
org.apache.commons.math.linear$BlockFieldMatrix#scalarAdd(org.apache.commons.math.FieldElement):442;0.0
org.apache.commons.math.linear$BlockFieldMatrix#scalarAdd(org.apache.commons.math.FieldElement):445;0.0
org.apache.commons.math.linear$BlockFieldMatrix#scalarAdd(org.apache.commons.math.FieldElement):446;0.0
org.apache.commons.math.linear$BlockFieldMatrix#scalarAdd(org.apache.commons.math.FieldElement):447;0.0
org.apache.commons.math.linear$BlockFieldMatrix#scalarAdd(org.apache.commons.math.FieldElement):448;0.0
org.apache.commons.math.linear$BlockFieldMatrix#scalarAdd(org.apache.commons.math.FieldElement):449;0.0
org.apache.commons.math.linear$BlockFieldMatrix#scalarAdd(org.apache.commons.math.FieldElement):453;0.0
org.apache.commons.math.linear$BlockFieldMatrix#scalarMultiply(org.apache.commons.math.FieldElement):460;0.0
org.apache.commons.math.linear$BlockFieldMatrix#scalarMultiply(org.apache.commons.math.FieldElement):463;0.0
org.apache.commons.math.linear$BlockFieldMatrix#scalarMultiply(org.apache.commons.math.FieldElement):464;0.0
org.apache.commons.math.linear$BlockFieldMatrix#scalarMultiply(org.apache.commons.math.FieldElement):465;0.0
org.apache.commons.math.linear$BlockFieldMatrix#scalarMultiply(org.apache.commons.math.FieldElement):466;0.0
org.apache.commons.math.linear$BlockFieldMatrix#scalarMultiply(org.apache.commons.math.FieldElement):467;0.0
org.apache.commons.math.linear$BlockFieldMatrix#scalarMultiply(org.apache.commons.math.FieldElement):471;0.0
org.apache.commons.math.linear$BlockFieldMatrix#multiply(org.apache.commons.math.linear.FieldMatrix):478;0.0
org.apache.commons.math.linear$BlockFieldMatrix#multiply(org.apache.commons.math.linear.FieldMatrix):479;0.0
org.apache.commons.math.linear$BlockFieldMatrix#multiply(org.apache.commons.math.linear.FieldMatrix):482;0.0
org.apache.commons.math.linear$BlockFieldMatrix#multiply(org.apache.commons.math.linear.FieldMatrix):484;0.0
org.apache.commons.math.linear$BlockFieldMatrix#multiply(org.apache.commons.math.linear.FieldMatrix):485;0.0
org.apache.commons.math.linear$BlockFieldMatrix#multiply(org.apache.commons.math.linear.FieldMatrix):488;0.0
org.apache.commons.math.linear$BlockFieldMatrix#multiply(org.apache.commons.math.linear.FieldMatrix):489;0.0
org.apache.commons.math.linear$BlockFieldMatrix#multiply(org.apache.commons.math.linear.FieldMatrix):491;0.0
org.apache.commons.math.linear$BlockFieldMatrix#multiply(org.apache.commons.math.linear.FieldMatrix):492;0.0
org.apache.commons.math.linear$BlockFieldMatrix#multiply(org.apache.commons.math.linear.FieldMatrix):494;0.0
org.apache.commons.math.linear$BlockFieldMatrix#multiply(org.apache.commons.math.linear.FieldMatrix):496;0.0
org.apache.commons.math.linear$BlockFieldMatrix#multiply(org.apache.commons.math.linear.FieldMatrix):497;0.0
org.apache.commons.math.linear$BlockFieldMatrix#multiply(org.apache.commons.math.linear.FieldMatrix):500;0.0
org.apache.commons.math.linear$BlockFieldMatrix#multiply(org.apache.commons.math.linear.FieldMatrix):503;0.0
org.apache.commons.math.linear$BlockFieldMatrix#multiply(org.apache.commons.math.linear.FieldMatrix):504;0.0
org.apache.commons.math.linear$BlockFieldMatrix#multiply(org.apache.commons.math.linear.FieldMatrix):505;0.0
org.apache.commons.math.linear$BlockFieldMatrix#multiply(org.apache.commons.math.linear.FieldMatrix):506;0.0
org.apache.commons.math.linear$BlockFieldMatrix#multiply(org.apache.commons.math.linear.FieldMatrix):507;0.0
org.apache.commons.math.linear$BlockFieldMatrix#multiply(org.apache.commons.math.linear.FieldMatrix):508;0.0
org.apache.commons.math.linear$BlockFieldMatrix#multiply(org.apache.commons.math.linear.FieldMatrix):509;0.0
org.apache.commons.math.linear$BlockFieldMatrix#multiply(org.apache.commons.math.linear.FieldMatrix):510;0.0
org.apache.commons.math.linear$BlockFieldMatrix#multiply(org.apache.commons.math.linear.FieldMatrix):511;0.0
org.apache.commons.math.linear$BlockFieldMatrix#multiply(org.apache.commons.math.linear.FieldMatrix):512;0.0
org.apache.commons.math.linear$BlockFieldMatrix#multiply(org.apache.commons.math.linear.FieldMatrix):513;0.0
org.apache.commons.math.linear$BlockFieldMatrix#multiply(org.apache.commons.math.linear.FieldMatrix):514;0.0
org.apache.commons.math.linear$BlockFieldMatrix#multiply(org.apache.commons.math.linear.FieldMatrix):515;0.0
org.apache.commons.math.linear$BlockFieldMatrix#multiply(org.apache.commons.math.linear.FieldMatrix):516;0.0
org.apache.commons.math.linear$BlockFieldMatrix#multiply(org.apache.commons.math.linear.FieldMatrix):518;0.0
org.apache.commons.math.linear$BlockFieldMatrix#multiply(org.apache.commons.math.linear.FieldMatrix):519;0.0
org.apache.commons.math.linear$BlockFieldMatrix#multiply(org.apache.commons.math.linear.FieldMatrix):525;0.0
org.apache.commons.math.linear$BlockFieldMatrix#multiply(org.apache.commons.math.linear.FieldMatrix):530;0.0
org.apache.commons.math.linear$BlockFieldMatrix#multiply(org.apache.commons.math.linear.BlockFieldMatrix):545;0.0
org.apache.commons.math.linear$BlockFieldMatrix#multiply(org.apache.commons.math.linear.BlockFieldMatrix):547;0.0
org.apache.commons.math.linear$BlockFieldMatrix#multiply(org.apache.commons.math.linear.BlockFieldMatrix):548;0.0
org.apache.commons.math.linear$BlockFieldMatrix#multiply(org.apache.commons.math.linear.BlockFieldMatrix):551;0.0
org.apache.commons.math.linear$BlockFieldMatrix#multiply(org.apache.commons.math.linear.BlockFieldMatrix):552;0.0
org.apache.commons.math.linear$BlockFieldMatrix#multiply(org.apache.commons.math.linear.BlockFieldMatrix):554;0.0
org.apache.commons.math.linear$BlockFieldMatrix#multiply(org.apache.commons.math.linear.BlockFieldMatrix):555;0.0
org.apache.commons.math.linear$BlockFieldMatrix#multiply(org.apache.commons.math.linear.BlockFieldMatrix):557;0.0
org.apache.commons.math.linear$BlockFieldMatrix#multiply(org.apache.commons.math.linear.BlockFieldMatrix):558;0.0
org.apache.commons.math.linear$BlockFieldMatrix#multiply(org.apache.commons.math.linear.BlockFieldMatrix):559;0.0
org.apache.commons.math.linear$BlockFieldMatrix#multiply(org.apache.commons.math.linear.BlockFieldMatrix):560;0.0
org.apache.commons.math.linear$BlockFieldMatrix#multiply(org.apache.commons.math.linear.BlockFieldMatrix):561;0.0
org.apache.commons.math.linear$BlockFieldMatrix#multiply(org.apache.commons.math.linear.BlockFieldMatrix):564;0.0
org.apache.commons.math.linear$BlockFieldMatrix#multiply(org.apache.commons.math.linear.BlockFieldMatrix):567;0.0
org.apache.commons.math.linear$BlockFieldMatrix#multiply(org.apache.commons.math.linear.BlockFieldMatrix):568;0.0
org.apache.commons.math.linear$BlockFieldMatrix#multiply(org.apache.commons.math.linear.BlockFieldMatrix):569;0.0
org.apache.commons.math.linear$BlockFieldMatrix#multiply(org.apache.commons.math.linear.BlockFieldMatrix):570;0.0
org.apache.commons.math.linear$BlockFieldMatrix#multiply(org.apache.commons.math.linear.BlockFieldMatrix):571;0.0
org.apache.commons.math.linear$BlockFieldMatrix#multiply(org.apache.commons.math.linear.BlockFieldMatrix):572;0.0
org.apache.commons.math.linear$BlockFieldMatrix#multiply(org.apache.commons.math.linear.BlockFieldMatrix):573;0.0
org.apache.commons.math.linear$BlockFieldMatrix#multiply(org.apache.commons.math.linear.BlockFieldMatrix):574;0.0
org.apache.commons.math.linear$BlockFieldMatrix#multiply(org.apache.commons.math.linear.BlockFieldMatrix):575;0.0
org.apache.commons.math.linear$BlockFieldMatrix#multiply(org.apache.commons.math.linear.BlockFieldMatrix):576;0.0
org.apache.commons.math.linear$BlockFieldMatrix#multiply(org.apache.commons.math.linear.BlockFieldMatrix):577;0.0
org.apache.commons.math.linear$BlockFieldMatrix#multiply(org.apache.commons.math.linear.BlockFieldMatrix):578;0.0
org.apache.commons.math.linear$BlockFieldMatrix#multiply(org.apache.commons.math.linear.BlockFieldMatrix):579;0.0
org.apache.commons.math.linear$BlockFieldMatrix#multiply(org.apache.commons.math.linear.BlockFieldMatrix):580;0.0
org.apache.commons.math.linear$BlockFieldMatrix#multiply(org.apache.commons.math.linear.BlockFieldMatrix):585;0.0
org.apache.commons.math.linear$BlockFieldMatrix#multiply(org.apache.commons.math.linear.BlockFieldMatrix):586;0.0
org.apache.commons.math.linear$BlockFieldMatrix#multiply(org.apache.commons.math.linear.BlockFieldMatrix):588;0.0
org.apache.commons.math.linear$BlockFieldMatrix#multiply(org.apache.commons.math.linear.BlockFieldMatrix):589;0.0
org.apache.commons.math.linear$BlockFieldMatrix#multiply(org.apache.commons.math.linear.BlockFieldMatrix):590;0.0
org.apache.commons.math.linear$BlockFieldMatrix#multiply(org.apache.commons.math.linear.BlockFieldMatrix):592;0.0
org.apache.commons.math.linear$BlockFieldMatrix#multiply(org.apache.commons.math.linear.BlockFieldMatrix):593;0.0
org.apache.commons.math.linear$BlockFieldMatrix#multiply(org.apache.commons.math.linear.BlockFieldMatrix):599;0.0
org.apache.commons.math.linear$BlockFieldMatrix#multiply(org.apache.commons.math.linear.BlockFieldMatrix):603;0.0
org.apache.commons.math.linear$BlockFieldMatrix#getData():610;0.0
org.apache.commons.math.linear$BlockFieldMatrix#getData():611;0.0
org.apache.commons.math.linear$BlockFieldMatrix#getData():613;0.0
org.apache.commons.math.linear$BlockFieldMatrix#getData():614;0.0
org.apache.commons.math.linear$BlockFieldMatrix#getData():615;0.0
org.apache.commons.math.linear$BlockFieldMatrix#getData():616;0.0
org.apache.commons.math.linear$BlockFieldMatrix#getData():617;0.0
org.apache.commons.math.linear$BlockFieldMatrix#getData():618;0.0
org.apache.commons.math.linear$BlockFieldMatrix#getData():619;0.0
org.apache.commons.math.linear$BlockFieldMatrix#getData():620;0.0
org.apache.commons.math.linear$BlockFieldMatrix#getData():621;0.0
org.apache.commons.math.linear$BlockFieldMatrix#getData():622;0.0
org.apache.commons.math.linear$BlockFieldMatrix#getData():623;0.0
org.apache.commons.math.linear$BlockFieldMatrix#getData():624;0.0
org.apache.commons.math.linear$BlockFieldMatrix#getData():626;0.0
org.apache.commons.math.linear$BlockFieldMatrix#getData():627;0.0
org.apache.commons.math.linear$BlockFieldMatrix#getData():628;0.0
org.apache.commons.math.linear$BlockFieldMatrix#getData():632;0.0
org.apache.commons.math.linear$BlockFieldMatrix#getSubMatrix(int,int,int,int):640;0.0
org.apache.commons.math.linear$BlockFieldMatrix#getSubMatrix(int,int,int,int):643;0.0
org.apache.commons.math.linear$BlockFieldMatrix#getSubMatrix(int,int,int,int):647;0.0
org.apache.commons.math.linear$BlockFieldMatrix#getSubMatrix(int,int,int,int):648;0.0
org.apache.commons.math.linear$BlockFieldMatrix#getSubMatrix(int,int,int,int):649;0.0
org.apache.commons.math.linear$BlockFieldMatrix#getSubMatrix(int,int,int,int):650;0.0
org.apache.commons.math.linear$BlockFieldMatrix#getSubMatrix(int,int,int,int):653;0.0
org.apache.commons.math.linear$BlockFieldMatrix#getSubMatrix(int,int,int,int):654;0.0
org.apache.commons.math.linear$BlockFieldMatrix#getSubMatrix(int,int,int,int):655;0.0
org.apache.commons.math.linear$BlockFieldMatrix#getSubMatrix(int,int,int,int):656;0.0
org.apache.commons.math.linear$BlockFieldMatrix#getSubMatrix(int,int,int,int):657;0.0
org.apache.commons.math.linear$BlockFieldMatrix#getSubMatrix(int,int,int,int):658;0.0
org.apache.commons.math.linear$BlockFieldMatrix#getSubMatrix(int,int,int,int):661;0.0
org.apache.commons.math.linear$BlockFieldMatrix#getSubMatrix(int,int,int,int):662;0.0
org.apache.commons.math.linear$BlockFieldMatrix#getSubMatrix(int,int,int,int):663;0.0
org.apache.commons.math.linear$BlockFieldMatrix#getSubMatrix(int,int,int,int):664;0.0
org.apache.commons.math.linear$BlockFieldMatrix#getSubMatrix(int,int,int,int):666;0.0
org.apache.commons.math.linear$BlockFieldMatrix#getSubMatrix(int,int,int,int):667;0.0
org.apache.commons.math.linear$BlockFieldMatrix#getSubMatrix(int,int,int,int):668;0.0
org.apache.commons.math.linear$BlockFieldMatrix#getSubMatrix(int,int,int,int):670;0.0
org.apache.commons.math.linear$BlockFieldMatrix#getSubMatrix(int,int,int,int):672;0.0
org.apache.commons.math.linear$BlockFieldMatrix#getSubMatrix(int,int,int,int):673;0.0
org.apache.commons.math.linear$BlockFieldMatrix#getSubMatrix(int,int,int,int):677;0.0
org.apache.commons.math.linear$BlockFieldMatrix#getSubMatrix(int,int,int,int):681;0.0
org.apache.commons.math.linear$BlockFieldMatrix#getSubMatrix(int,int,int,int):685;0.0
org.apache.commons.math.linear$BlockFieldMatrix#getSubMatrix(int,int,int,int):689;0.0
org.apache.commons.math.linear$BlockFieldMatrix#getSubMatrix(int,int,int,int):691;0.0
org.apache.commons.math.linear$BlockFieldMatrix#getSubMatrix(int,int,int,int):695;0.0
org.apache.commons.math.linear$BlockFieldMatrix#getSubMatrix(int,int,int,int):702;0.0
org.apache.commons.math.linear$BlockFieldMatrix#getSubMatrix(int,int,int,int):704;0.0
org.apache.commons.math.linear$BlockFieldMatrix#getSubMatrix(int,int,int,int):705;0.0
org.apache.commons.math.linear$BlockFieldMatrix#getSubMatrix(int,int,int,int):709;0.0
org.apache.commons.math.linear$BlockFieldMatrix#getSubMatrix(int,int,int,int):713;0.0
org.apache.commons.math.linear$BlockFieldMatrix#getSubMatrix(int,int,int,int):715;0.0
org.apache.commons.math.linear$BlockFieldMatrix#getSubMatrix(int,int,int,int):721;0.0
org.apache.commons.math.linear$BlockFieldMatrix#getSubMatrix(int,int,int,int):723;0.0
org.apache.commons.math.linear$BlockFieldMatrix#getSubMatrix(int,int,int,int):726;0.0
org.apache.commons.math.linear$BlockFieldMatrix#copyBlockPart(org.apache.commons.math.FieldElement[],int,int,int,int,int,org.apache.commons.math.FieldElement[],int,int,int):749;0.0
org.apache.commons.math.linear$BlockFieldMatrix#copyBlockPart(org.apache.commons.math.FieldElement[],int,int,int,int,int,org.apache.commons.math.FieldElement[],int,int,int):750;0.0
org.apache.commons.math.linear$BlockFieldMatrix#copyBlockPart(org.apache.commons.math.FieldElement[],int,int,int,int,int,org.apache.commons.math.FieldElement[],int,int,int):751;0.0
org.apache.commons.math.linear$BlockFieldMatrix#copyBlockPart(org.apache.commons.math.FieldElement[],int,int,int,int,int,org.apache.commons.math.FieldElement[],int,int,int):752;0.0
org.apache.commons.math.linear$BlockFieldMatrix#copyBlockPart(org.apache.commons.math.FieldElement[],int,int,int,int,int,org.apache.commons.math.FieldElement[],int,int,int):753;0.0
org.apache.commons.math.linear$BlockFieldMatrix#copyBlockPart(org.apache.commons.math.FieldElement[],int,int,int,int,int,org.apache.commons.math.FieldElement[],int,int,int):754;0.0
org.apache.commons.math.linear$BlockFieldMatrix#copyBlockPart(org.apache.commons.math.FieldElement[],int,int,int,int,int,org.apache.commons.math.FieldElement[],int,int,int):755;0.0
org.apache.commons.math.linear$BlockFieldMatrix#copyBlockPart(org.apache.commons.math.FieldElement[],int,int,int,int,int,org.apache.commons.math.FieldElement[],int,int,int):757;0.0
org.apache.commons.math.linear$BlockFieldMatrix#setSubMatrix(org.apache.commons.math.FieldElement[][],int,int):763;0.0
org.apache.commons.math.linear$BlockFieldMatrix#setSubMatrix(org.apache.commons.math.FieldElement[][],int,int):764;0.0
org.apache.commons.math.linear$BlockFieldMatrix#setSubMatrix(org.apache.commons.math.FieldElement[][],int,int):765;0.0
org.apache.commons.math.linear$BlockFieldMatrix#setSubMatrix(org.apache.commons.math.FieldElement[][],int,int):766;0.0
org.apache.commons.math.linear$BlockFieldMatrix#setSubMatrix(org.apache.commons.math.FieldElement[][],int,int):768;0.0
org.apache.commons.math.linear$BlockFieldMatrix#setSubMatrix(org.apache.commons.math.FieldElement[][],int,int):769;0.0
org.apache.commons.math.linear$BlockFieldMatrix#setSubMatrix(org.apache.commons.math.FieldElement[][],int,int):770;0.0
org.apache.commons.math.linear$BlockFieldMatrix#setSubMatrix(org.apache.commons.math.FieldElement[][],int,int):771;0.0
org.apache.commons.math.linear$BlockFieldMatrix#setSubMatrix(org.apache.commons.math.FieldElement[][],int,int):772;0.0
org.apache.commons.math.linear$BlockFieldMatrix#setSubMatrix(org.apache.commons.math.FieldElement[][],int,int):773;0.0
org.apache.commons.math.linear$BlockFieldMatrix#setSubMatrix(org.apache.commons.math.FieldElement[][],int,int):778;0.0
org.apache.commons.math.linear$BlockFieldMatrix#setSubMatrix(org.apache.commons.math.FieldElement[][],int,int):779;0.0
org.apache.commons.math.linear$BlockFieldMatrix#setSubMatrix(org.apache.commons.math.FieldElement[][],int,int):780;0.0
org.apache.commons.math.linear$BlockFieldMatrix#setSubMatrix(org.apache.commons.math.FieldElement[][],int,int):781;0.0
org.apache.commons.math.linear$BlockFieldMatrix#setSubMatrix(org.apache.commons.math.FieldElement[][],int,int):784;0.0
org.apache.commons.math.linear$BlockFieldMatrix#setSubMatrix(org.apache.commons.math.FieldElement[][],int,int):785;0.0
org.apache.commons.math.linear$BlockFieldMatrix#setSubMatrix(org.apache.commons.math.FieldElement[][],int,int):786;0.0
org.apache.commons.math.linear$BlockFieldMatrix#setSubMatrix(org.apache.commons.math.FieldElement[][],int,int):787;0.0
org.apache.commons.math.linear$BlockFieldMatrix#setSubMatrix(org.apache.commons.math.FieldElement[][],int,int):788;0.0
org.apache.commons.math.linear$BlockFieldMatrix#setSubMatrix(org.apache.commons.math.FieldElement[][],int,int):790;0.0
org.apache.commons.math.linear$BlockFieldMatrix#setSubMatrix(org.apache.commons.math.FieldElement[][],int,int):791;0.0
org.apache.commons.math.linear$BlockFieldMatrix#setSubMatrix(org.apache.commons.math.FieldElement[][],int,int):792;0.0
org.apache.commons.math.linear$BlockFieldMatrix#setSubMatrix(org.apache.commons.math.FieldElement[][],int,int):793;0.0
org.apache.commons.math.linear$BlockFieldMatrix#setSubMatrix(org.apache.commons.math.FieldElement[][],int,int):794;0.0
org.apache.commons.math.linear$BlockFieldMatrix#setSubMatrix(org.apache.commons.math.FieldElement[][],int,int):795;0.0
org.apache.commons.math.linear$BlockFieldMatrix#setSubMatrix(org.apache.commons.math.FieldElement[][],int,int):798;0.0
org.apache.commons.math.linear$BlockFieldMatrix#setSubMatrix(org.apache.commons.math.FieldElement[][],int,int):799;0.0
org.apache.commons.math.linear$BlockFieldMatrix#setSubMatrix(org.apache.commons.math.FieldElement[][],int,int):800;0.0
org.apache.commons.math.linear$BlockFieldMatrix#setSubMatrix(org.apache.commons.math.FieldElement[][],int,int):807;0.0
org.apache.commons.math.linear$BlockFieldMatrix#getRowMatrix(int):812;0.0
org.apache.commons.math.linear$BlockFieldMatrix#getRowMatrix(int):813;0.0
org.apache.commons.math.linear$BlockFieldMatrix#getRowMatrix(int):816;0.0
org.apache.commons.math.linear$BlockFieldMatrix#getRowMatrix(int):817;0.0
org.apache.commons.math.linear$BlockFieldMatrix#getRowMatrix(int):818;0.0
org.apache.commons.math.linear$BlockFieldMatrix#getRowMatrix(int):819;0.0
org.apache.commons.math.linear$BlockFieldMatrix#getRowMatrix(int):820;0.0
org.apache.commons.math.linear$BlockFieldMatrix#getRowMatrix(int):821;0.0
org.apache.commons.math.linear$BlockFieldMatrix#getRowMatrix(int):822;0.0
org.apache.commons.math.linear$BlockFieldMatrix#getRowMatrix(int):823;0.0
org.apache.commons.math.linear$BlockFieldMatrix#getRowMatrix(int):824;0.0
org.apache.commons.math.linear$BlockFieldMatrix#getRowMatrix(int):825;0.0
org.apache.commons.math.linear$BlockFieldMatrix#getRowMatrix(int):826;0.0
org.apache.commons.math.linear$BlockFieldMatrix#getRowMatrix(int):827;0.0
org.apache.commons.math.linear$BlockFieldMatrix#getRowMatrix(int):828;0.0
org.apache.commons.math.linear$BlockFieldMatrix#getRowMatrix(int):829;0.0
org.apache.commons.math.linear$BlockFieldMatrix#getRowMatrix(int):831;0.0
org.apache.commons.math.linear$BlockFieldMatrix#getRowMatrix(int):832;0.0
org.apache.commons.math.linear$BlockFieldMatrix#getRowMatrix(int):836;0.0
org.apache.commons.math.linear$BlockFieldMatrix#setRowMatrix(int,org.apache.commons.math.linear.FieldMatrix):843;0.0
org.apache.commons.math.linear$BlockFieldMatrix#setRowMatrix(int,org.apache.commons.math.linear.FieldMatrix):846;0.0
org.apache.commons.math.linear$BlockFieldMatrix#setRowMatrix(int,org.apache.commons.math.linear.FieldMatrix):844;0.0
org.apache.commons.math.linear$BlockFieldMatrix#setRowMatrix(int,org.apache.commons.math.linear.FieldMatrix):845;0.0
org.apache.commons.math.linear$BlockFieldMatrix#setRowMatrix(int,org.apache.commons.math.linear.FieldMatrix):847;0.0
org.apache.commons.math.linear$BlockFieldMatrix#setRowMatrix(int,org.apache.commons.math.linear.BlockFieldMatrix):862;0.0
org.apache.commons.math.linear$BlockFieldMatrix#setRowMatrix(int,org.apache.commons.math.linear.BlockFieldMatrix):863;0.0
org.apache.commons.math.linear$BlockFieldMatrix#setRowMatrix(int,org.apache.commons.math.linear.BlockFieldMatrix):864;0.0
org.apache.commons.math.linear$BlockFieldMatrix#setRowMatrix(int,org.apache.commons.math.linear.BlockFieldMatrix):866;0.0
org.apache.commons.math.linear$BlockFieldMatrix#setRowMatrix(int,org.apache.commons.math.linear.BlockFieldMatrix):872;0.0
org.apache.commons.math.linear$BlockFieldMatrix#setRowMatrix(int,org.apache.commons.math.linear.BlockFieldMatrix):873;0.0
org.apache.commons.math.linear$BlockFieldMatrix#setRowMatrix(int,org.apache.commons.math.linear.BlockFieldMatrix):874;0.0
org.apache.commons.math.linear$BlockFieldMatrix#setRowMatrix(int,org.apache.commons.math.linear.BlockFieldMatrix):875;0.0
org.apache.commons.math.linear$BlockFieldMatrix#setRowMatrix(int,org.apache.commons.math.linear.BlockFieldMatrix):876;0.0
org.apache.commons.math.linear$BlockFieldMatrix#setRowMatrix(int,org.apache.commons.math.linear.BlockFieldMatrix):877;0.0
org.apache.commons.math.linear$BlockFieldMatrix#setRowMatrix(int,org.apache.commons.math.linear.BlockFieldMatrix):878;0.0
org.apache.commons.math.linear$BlockFieldMatrix#setRowMatrix(int,org.apache.commons.math.linear.BlockFieldMatrix):879;0.0
org.apache.commons.math.linear$BlockFieldMatrix#setRowMatrix(int,org.apache.commons.math.linear.BlockFieldMatrix):880;0.0
org.apache.commons.math.linear$BlockFieldMatrix#setRowMatrix(int,org.apache.commons.math.linear.BlockFieldMatrix):881;0.0
org.apache.commons.math.linear$BlockFieldMatrix#setRowMatrix(int,org.apache.commons.math.linear.BlockFieldMatrix):882;0.0
org.apache.commons.math.linear$BlockFieldMatrix#setRowMatrix(int,org.apache.commons.math.linear.BlockFieldMatrix):883;0.0
org.apache.commons.math.linear$BlockFieldMatrix#setRowMatrix(int,org.apache.commons.math.linear.BlockFieldMatrix):884;0.0
org.apache.commons.math.linear$BlockFieldMatrix#setRowMatrix(int,org.apache.commons.math.linear.BlockFieldMatrix):885;0.0
org.apache.commons.math.linear$BlockFieldMatrix#setRowMatrix(int,org.apache.commons.math.linear.BlockFieldMatrix):887;0.0
org.apache.commons.math.linear$BlockFieldMatrix#setRowMatrix(int,org.apache.commons.math.linear.BlockFieldMatrix):888;0.0
org.apache.commons.math.linear$BlockFieldMatrix#setRowMatrix(int,org.apache.commons.math.linear.BlockFieldMatrix):891;0.0
org.apache.commons.math.linear$BlockFieldMatrix#getColumnMatrix(int):896;0.0
org.apache.commons.math.linear$BlockFieldMatrix#getColumnMatrix(int):897;0.0
org.apache.commons.math.linear$BlockFieldMatrix#getColumnMatrix(int):900;0.0
org.apache.commons.math.linear$BlockFieldMatrix#getColumnMatrix(int):901;0.0
org.apache.commons.math.linear$BlockFieldMatrix#getColumnMatrix(int):902;0.0
org.apache.commons.math.linear$BlockFieldMatrix#getColumnMatrix(int):903;0.0
org.apache.commons.math.linear$BlockFieldMatrix#getColumnMatrix(int):904;0.0
org.apache.commons.math.linear$BlockFieldMatrix#getColumnMatrix(int):905;0.0
org.apache.commons.math.linear$BlockFieldMatrix#getColumnMatrix(int):906;0.0
org.apache.commons.math.linear$BlockFieldMatrix#getColumnMatrix(int):907;0.0
org.apache.commons.math.linear$BlockFieldMatrix#getColumnMatrix(int):908;0.0
org.apache.commons.math.linear$BlockFieldMatrix#getColumnMatrix(int):909;0.0
org.apache.commons.math.linear$BlockFieldMatrix#getColumnMatrix(int):910;0.0
org.apache.commons.math.linear$BlockFieldMatrix#getColumnMatrix(int):911;0.0
org.apache.commons.math.linear$BlockFieldMatrix#getColumnMatrix(int):912;0.0
org.apache.commons.math.linear$BlockFieldMatrix#getColumnMatrix(int):914;0.0
org.apache.commons.math.linear$BlockFieldMatrix#getColumnMatrix(int):918;0.0
org.apache.commons.math.linear$BlockFieldMatrix#setColumnMatrix(int,org.apache.commons.math.linear.FieldMatrix):925;0.0
org.apache.commons.math.linear$BlockFieldMatrix#setColumnMatrix(int,org.apache.commons.math.linear.FieldMatrix):928;0.0
org.apache.commons.math.linear$BlockFieldMatrix#setColumnMatrix(int,org.apache.commons.math.linear.FieldMatrix):926;0.0
org.apache.commons.math.linear$BlockFieldMatrix#setColumnMatrix(int,org.apache.commons.math.linear.FieldMatrix):927;0.0
org.apache.commons.math.linear$BlockFieldMatrix#setColumnMatrix(int,org.apache.commons.math.linear.FieldMatrix):929;0.0
org.apache.commons.math.linear$BlockFieldMatrix#setColumnMatrix(int,org.apache.commons.math.linear.BlockFieldMatrix):944;0.0
org.apache.commons.math.linear$BlockFieldMatrix#setColumnMatrix(int,org.apache.commons.math.linear.BlockFieldMatrix):945;0.0
org.apache.commons.math.linear$BlockFieldMatrix#setColumnMatrix(int,org.apache.commons.math.linear.BlockFieldMatrix):946;0.0
org.apache.commons.math.linear$BlockFieldMatrix#setColumnMatrix(int,org.apache.commons.math.linear.BlockFieldMatrix):948;0.0
org.apache.commons.math.linear$BlockFieldMatrix#setColumnMatrix(int,org.apache.commons.math.linear.BlockFieldMatrix):954;0.0
org.apache.commons.math.linear$BlockFieldMatrix#setColumnMatrix(int,org.apache.commons.math.linear.BlockFieldMatrix):955;0.0
org.apache.commons.math.linear$BlockFieldMatrix#setColumnMatrix(int,org.apache.commons.math.linear.BlockFieldMatrix):956;0.0
org.apache.commons.math.linear$BlockFieldMatrix#setColumnMatrix(int,org.apache.commons.math.linear.BlockFieldMatrix):957;0.0
org.apache.commons.math.linear$BlockFieldMatrix#setColumnMatrix(int,org.apache.commons.math.linear.BlockFieldMatrix):958;0.0
org.apache.commons.math.linear$BlockFieldMatrix#setColumnMatrix(int,org.apache.commons.math.linear.BlockFieldMatrix):959;0.0
org.apache.commons.math.linear$BlockFieldMatrix#setColumnMatrix(int,org.apache.commons.math.linear.BlockFieldMatrix):960;0.0
org.apache.commons.math.linear$BlockFieldMatrix#setColumnMatrix(int,org.apache.commons.math.linear.BlockFieldMatrix):961;0.0
org.apache.commons.math.linear$BlockFieldMatrix#setColumnMatrix(int,org.apache.commons.math.linear.BlockFieldMatrix):962;0.0
org.apache.commons.math.linear$BlockFieldMatrix#setColumnMatrix(int,org.apache.commons.math.linear.BlockFieldMatrix):963;0.0
org.apache.commons.math.linear$BlockFieldMatrix#setColumnMatrix(int,org.apache.commons.math.linear.BlockFieldMatrix):964;0.0
org.apache.commons.math.linear$BlockFieldMatrix#setColumnMatrix(int,org.apache.commons.math.linear.BlockFieldMatrix):965;0.0
org.apache.commons.math.linear$BlockFieldMatrix#setColumnMatrix(int,org.apache.commons.math.linear.BlockFieldMatrix):966;0.0
org.apache.commons.math.linear$BlockFieldMatrix#setColumnMatrix(int,org.apache.commons.math.linear.BlockFieldMatrix):968;0.0
org.apache.commons.math.linear$BlockFieldMatrix#setColumnMatrix(int,org.apache.commons.math.linear.BlockFieldMatrix):971;0.0
org.apache.commons.math.linear$BlockFieldMatrix#getRowVector(int):976;0.0
org.apache.commons.math.linear$BlockFieldMatrix#getRowVector(int):977;0.0
org.apache.commons.math.linear$BlockFieldMatrix#getRowVector(int):980;0.0
org.apache.commons.math.linear$BlockFieldMatrix#getRowVector(int):981;0.0
org.apache.commons.math.linear$BlockFieldMatrix#getRowVector(int):982;0.0
org.apache.commons.math.linear$BlockFieldMatrix#getRowVector(int):983;0.0
org.apache.commons.math.linear$BlockFieldMatrix#getRowVector(int):984;0.0
org.apache.commons.math.linear$BlockFieldMatrix#getRowVector(int):985;0.0
org.apache.commons.math.linear$BlockFieldMatrix#getRowVector(int):986;0.0
org.apache.commons.math.linear$BlockFieldMatrix#getRowVector(int):987;0.0
org.apache.commons.math.linear$BlockFieldMatrix#getRowVector(int):990;0.0
org.apache.commons.math.linear$BlockFieldMatrix#setRowVector(int,org.apache.commons.math.linear.FieldVector):997;0.0
org.apache.commons.math.linear$BlockFieldMatrix#setRowVector(int,org.apache.commons.math.linear.FieldVector):1000;0.0
org.apache.commons.math.linear$BlockFieldMatrix#setRowVector(int,org.apache.commons.math.linear.FieldVector):998;0.0
org.apache.commons.math.linear$BlockFieldMatrix#setRowVector(int,org.apache.commons.math.linear.FieldVector):999;0.0
org.apache.commons.math.linear$BlockFieldMatrix#setRowVector(int,org.apache.commons.math.linear.FieldVector):1001;0.0
org.apache.commons.math.linear$BlockFieldMatrix#getColumnVector(int):1006;0.0
org.apache.commons.math.linear$BlockFieldMatrix#getColumnVector(int):1007;0.0
org.apache.commons.math.linear$BlockFieldMatrix#getColumnVector(int):1010;0.0
org.apache.commons.math.linear$BlockFieldMatrix#getColumnVector(int):1011;0.0
org.apache.commons.math.linear$BlockFieldMatrix#getColumnVector(int):1012;0.0
org.apache.commons.math.linear$BlockFieldMatrix#getColumnVector(int):1013;0.0
org.apache.commons.math.linear$BlockFieldMatrix#getColumnVector(int):1014;0.0
org.apache.commons.math.linear$BlockFieldMatrix#getColumnVector(int):1015;0.0
org.apache.commons.math.linear$BlockFieldMatrix#getColumnVector(int):1016;0.0
org.apache.commons.math.linear$BlockFieldMatrix#getColumnVector(int):1017;0.0
org.apache.commons.math.linear$BlockFieldMatrix#getColumnVector(int):1018;0.0
org.apache.commons.math.linear$BlockFieldMatrix#getColumnVector(int):1022;0.0
org.apache.commons.math.linear$BlockFieldMatrix#setColumnVector(int,org.apache.commons.math.linear.FieldVector):1029;0.0
org.apache.commons.math.linear$BlockFieldMatrix#setColumnVector(int,org.apache.commons.math.linear.FieldVector):1032;0.0
org.apache.commons.math.linear$BlockFieldMatrix#setColumnVector(int,org.apache.commons.math.linear.FieldVector):1030;0.0
org.apache.commons.math.linear$BlockFieldMatrix#setColumnVector(int,org.apache.commons.math.linear.FieldVector):1031;0.0
org.apache.commons.math.linear$BlockFieldMatrix#setColumnVector(int,org.apache.commons.math.linear.FieldVector):1033;0.0
org.apache.commons.math.linear$BlockFieldMatrix#getRow(int):1038;0.0
org.apache.commons.math.linear$BlockFieldMatrix#getRow(int):1039;0.0
org.apache.commons.math.linear$BlockFieldMatrix#getRow(int):1042;0.0
org.apache.commons.math.linear$BlockFieldMatrix#getRow(int):1043;0.0
org.apache.commons.math.linear$BlockFieldMatrix#getRow(int):1044;0.0
org.apache.commons.math.linear$BlockFieldMatrix#getRow(int):1045;0.0
org.apache.commons.math.linear$BlockFieldMatrix#getRow(int):1046;0.0
org.apache.commons.math.linear$BlockFieldMatrix#getRow(int):1047;0.0
org.apache.commons.math.linear$BlockFieldMatrix#getRow(int):1048;0.0
org.apache.commons.math.linear$BlockFieldMatrix#getRow(int):1049;0.0
org.apache.commons.math.linear$BlockFieldMatrix#getRow(int):1052;0.0
org.apache.commons.math.linear$BlockFieldMatrix#setRow(int,org.apache.commons.math.FieldElement[]):1058;0.0
org.apache.commons.math.linear$BlockFieldMatrix#setRow(int,org.apache.commons.math.FieldElement[]):1059;0.0
org.apache.commons.math.linear$BlockFieldMatrix#setRow(int,org.apache.commons.math.FieldElement[]):1060;0.0
org.apache.commons.math.linear$BlockFieldMatrix#setRow(int,org.apache.commons.math.FieldElement[]):1061;0.0
org.apache.commons.math.linear$BlockFieldMatrix#setRow(int,org.apache.commons.math.FieldElement[]):1065;0.0
org.apache.commons.math.linear$BlockFieldMatrix#setRow(int,org.apache.commons.math.FieldElement[]):1066;0.0
org.apache.commons.math.linear$BlockFieldMatrix#setRow(int,org.apache.commons.math.FieldElement[]):1067;0.0
org.apache.commons.math.linear$BlockFieldMatrix#setRow(int,org.apache.commons.math.FieldElement[]):1068;0.0
org.apache.commons.math.linear$BlockFieldMatrix#setRow(int,org.apache.commons.math.FieldElement[]):1069;0.0
org.apache.commons.math.linear$BlockFieldMatrix#setRow(int,org.apache.commons.math.FieldElement[]):1070;0.0
org.apache.commons.math.linear$BlockFieldMatrix#setRow(int,org.apache.commons.math.FieldElement[]):1071;0.0
org.apache.commons.math.linear$BlockFieldMatrix#setRow(int,org.apache.commons.math.FieldElement[]):1072;0.0
org.apache.commons.math.linear$BlockFieldMatrix#setRow(int,org.apache.commons.math.FieldElement[]):1074;0.0
org.apache.commons.math.linear$BlockFieldMatrix#getColumn(int):1079;0.0
org.apache.commons.math.linear$BlockFieldMatrix#getColumn(int):1080;0.0
org.apache.commons.math.linear$BlockFieldMatrix#getColumn(int):1083;0.0
org.apache.commons.math.linear$BlockFieldMatrix#getColumn(int):1084;0.0
org.apache.commons.math.linear$BlockFieldMatrix#getColumn(int):1085;0.0
org.apache.commons.math.linear$BlockFieldMatrix#getColumn(int):1086;0.0
org.apache.commons.math.linear$BlockFieldMatrix#getColumn(int):1087;0.0
org.apache.commons.math.linear$BlockFieldMatrix#getColumn(int):1088;0.0
org.apache.commons.math.linear$BlockFieldMatrix#getColumn(int):1089;0.0
org.apache.commons.math.linear$BlockFieldMatrix#getColumn(int):1090;0.0
org.apache.commons.math.linear$BlockFieldMatrix#getColumn(int):1091;0.0
org.apache.commons.math.linear$BlockFieldMatrix#getColumn(int):1095;0.0
org.apache.commons.math.linear$BlockFieldMatrix#setColumn(int,org.apache.commons.math.FieldElement[]):1101;0.0
org.apache.commons.math.linear$BlockFieldMatrix#setColumn(int,org.apache.commons.math.FieldElement[]):1102;0.0
org.apache.commons.math.linear$BlockFieldMatrix#setColumn(int,org.apache.commons.math.FieldElement[]):1103;0.0
org.apache.commons.math.linear$BlockFieldMatrix#setColumn(int,org.apache.commons.math.FieldElement[]):1104;0.0
org.apache.commons.math.linear$BlockFieldMatrix#setColumn(int,org.apache.commons.math.FieldElement[]):1108;0.0
org.apache.commons.math.linear$BlockFieldMatrix#setColumn(int,org.apache.commons.math.FieldElement[]):1109;0.0
org.apache.commons.math.linear$BlockFieldMatrix#setColumn(int,org.apache.commons.math.FieldElement[]):1110;0.0
org.apache.commons.math.linear$BlockFieldMatrix#setColumn(int,org.apache.commons.math.FieldElement[]):1111;0.0
org.apache.commons.math.linear$BlockFieldMatrix#setColumn(int,org.apache.commons.math.FieldElement[]):1112;0.0
org.apache.commons.math.linear$BlockFieldMatrix#setColumn(int,org.apache.commons.math.FieldElement[]):1113;0.0
org.apache.commons.math.linear$BlockFieldMatrix#setColumn(int,org.apache.commons.math.FieldElement[]):1114;0.0
org.apache.commons.math.linear$BlockFieldMatrix#setColumn(int,org.apache.commons.math.FieldElement[]):1115;0.0
org.apache.commons.math.linear$BlockFieldMatrix#setColumn(int,org.apache.commons.math.FieldElement[]):1116;0.0
org.apache.commons.math.linear$BlockFieldMatrix#setColumn(int,org.apache.commons.math.FieldElement[]):1119;0.0
org.apache.commons.math.linear$BlockFieldMatrix#getEntry(int,int):1124;0.0
org.apache.commons.math.linear$BlockFieldMatrix#getEntry(int,int):1125;0.0
org.apache.commons.math.linear$BlockFieldMatrix#getEntry(int,int):1127;0.0
org.apache.commons.math.linear$BlockFieldMatrix#getEntry(int,int):1128;0.0
org.apache.commons.math.linear$BlockFieldMatrix#getEntry(int,int):1129;0.0
org.apache.commons.math.linear$BlockFieldMatrix#getEntry(int,int):1132;0.0
org.apache.commons.math.linear$BlockFieldMatrix#setEntry(int,int,org.apache.commons.math.FieldElement):1138;0.0
org.apache.commons.math.linear$BlockFieldMatrix#setEntry(int,int,org.apache.commons.math.FieldElement):1139;0.0
org.apache.commons.math.linear$BlockFieldMatrix#setEntry(int,int,org.apache.commons.math.FieldElement):1141;0.0
org.apache.commons.math.linear$BlockFieldMatrix#setEntry(int,int,org.apache.commons.math.FieldElement):1142;0.0
org.apache.commons.math.linear$BlockFieldMatrix#setEntry(int,int,org.apache.commons.math.FieldElement):1143;0.0
org.apache.commons.math.linear$BlockFieldMatrix#setEntry(int,int,org.apache.commons.math.FieldElement):1146;0.0
org.apache.commons.math.linear$BlockFieldMatrix#setEntry(int,int,org.apache.commons.math.FieldElement):1147;0.0
org.apache.commons.math.linear$BlockFieldMatrix#addToEntry(int,int,org.apache.commons.math.FieldElement):1152;0.0
org.apache.commons.math.linear$BlockFieldMatrix#addToEntry(int,int,org.apache.commons.math.FieldElement):1153;0.0
org.apache.commons.math.linear$BlockFieldMatrix#addToEntry(int,int,org.apache.commons.math.FieldElement):1155;0.0
org.apache.commons.math.linear$BlockFieldMatrix#addToEntry(int,int,org.apache.commons.math.FieldElement):1156;0.0
org.apache.commons.math.linear$BlockFieldMatrix#addToEntry(int,int,org.apache.commons.math.FieldElement):1157;0.0
org.apache.commons.math.linear$BlockFieldMatrix#addToEntry(int,int,org.apache.commons.math.FieldElement):1159;0.0
org.apache.commons.math.linear$BlockFieldMatrix#addToEntry(int,int,org.apache.commons.math.FieldElement):1161;0.0
org.apache.commons.math.linear$BlockFieldMatrix#addToEntry(int,int,org.apache.commons.math.FieldElement):1162;0.0
org.apache.commons.math.linear$BlockFieldMatrix#multiplyEntry(int,int,org.apache.commons.math.FieldElement):1167;0.0
org.apache.commons.math.linear$BlockFieldMatrix#multiplyEntry(int,int,org.apache.commons.math.FieldElement):1168;0.0
org.apache.commons.math.linear$BlockFieldMatrix#multiplyEntry(int,int,org.apache.commons.math.FieldElement):1170;0.0
org.apache.commons.math.linear$BlockFieldMatrix#multiplyEntry(int,int,org.apache.commons.math.FieldElement):1171;0.0
org.apache.commons.math.linear$BlockFieldMatrix#multiplyEntry(int,int,org.apache.commons.math.FieldElement):1172;0.0
org.apache.commons.math.linear$BlockFieldMatrix#multiplyEntry(int,int,org.apache.commons.math.FieldElement):1174;0.0
org.apache.commons.math.linear$BlockFieldMatrix#multiplyEntry(int,int,org.apache.commons.math.FieldElement):1176;0.0
org.apache.commons.math.linear$BlockFieldMatrix#multiplyEntry(int,int,org.apache.commons.math.FieldElement):1177;0.0
org.apache.commons.math.linear$BlockFieldMatrix#transpose():1182;0.0
org.apache.commons.math.linear$BlockFieldMatrix#transpose():1183;0.0
org.apache.commons.math.linear$BlockFieldMatrix#transpose():1184;0.0
org.apache.commons.math.linear$BlockFieldMatrix#transpose():1187;0.0
org.apache.commons.math.linear$BlockFieldMatrix#transpose():1188;0.0
org.apache.commons.math.linear$BlockFieldMatrix#transpose():1189;0.0
org.apache.commons.math.linear$BlockFieldMatrix#transpose():1192;0.0
org.apache.commons.math.linear$BlockFieldMatrix#transpose():1193;0.0
org.apache.commons.math.linear$BlockFieldMatrix#transpose():1194;0.0
org.apache.commons.math.linear$BlockFieldMatrix#transpose():1195;0.0
org.apache.commons.math.linear$BlockFieldMatrix#transpose():1196;0.0
org.apache.commons.math.linear$BlockFieldMatrix#transpose():1197;0.0
org.apache.commons.math.linear$BlockFieldMatrix#transpose():1198;0.0
org.apache.commons.math.linear$BlockFieldMatrix#transpose():1199;0.0
org.apache.commons.math.linear$BlockFieldMatrix#transpose():1200;0.0
org.apache.commons.math.linear$BlockFieldMatrix#transpose():1201;0.0
org.apache.commons.math.linear$BlockFieldMatrix#transpose():1202;0.0
org.apache.commons.math.linear$BlockFieldMatrix#transpose():1203;0.0
org.apache.commons.math.linear$BlockFieldMatrix#transpose():1204;0.0
org.apache.commons.math.linear$BlockFieldMatrix#transpose():1205;0.0
org.apache.commons.math.linear$BlockFieldMatrix#transpose():1210;0.0
org.apache.commons.math.linear$BlockFieldMatrix#transpose():1215;0.0
org.apache.commons.math.linear$BlockFieldMatrix#getRowDimension():1221;0.0
org.apache.commons.math.linear$BlockFieldMatrix#getColumnDimension():1227;0.0
org.apache.commons.math.linear$BlockFieldMatrix#operate(org.apache.commons.math.FieldElement[]):1233;0.0
org.apache.commons.math.linear$BlockFieldMatrix#operate(org.apache.commons.math.FieldElement[]):1234;0.0
org.apache.commons.math.linear$BlockFieldMatrix#operate(org.apache.commons.math.FieldElement[]):1236;0.0
org.apache.commons.math.linear$BlockFieldMatrix#operate(org.apache.commons.math.FieldElement[]):1237;0.0
org.apache.commons.math.linear$BlockFieldMatrix#operate(org.apache.commons.math.FieldElement[]):1240;0.0
org.apache.commons.math.linear$BlockFieldMatrix#operate(org.apache.commons.math.FieldElement[]):1241;0.0
org.apache.commons.math.linear$BlockFieldMatrix#operate(org.apache.commons.math.FieldElement[]):1242;0.0
org.apache.commons.math.linear$BlockFieldMatrix#operate(org.apache.commons.math.FieldElement[]):1243;0.0
org.apache.commons.math.linear$BlockFieldMatrix#operate(org.apache.commons.math.FieldElement[]):1244;0.0
org.apache.commons.math.linear$BlockFieldMatrix#operate(org.apache.commons.math.FieldElement[]):1245;0.0
org.apache.commons.math.linear$BlockFieldMatrix#operate(org.apache.commons.math.FieldElement[]):1246;0.0
org.apache.commons.math.linear$BlockFieldMatrix#operate(org.apache.commons.math.FieldElement[]):1247;0.0
org.apache.commons.math.linear$BlockFieldMatrix#operate(org.apache.commons.math.FieldElement[]):1248;0.0
org.apache.commons.math.linear$BlockFieldMatrix#operate(org.apache.commons.math.FieldElement[]):1249;0.0
org.apache.commons.math.linear$BlockFieldMatrix#operate(org.apache.commons.math.FieldElement[]):1250;0.0
org.apache.commons.math.linear$BlockFieldMatrix#operate(org.apache.commons.math.FieldElement[]):1251;0.0
org.apache.commons.math.linear$BlockFieldMatrix#operate(org.apache.commons.math.FieldElement[]):1252;0.0
org.apache.commons.math.linear$BlockFieldMatrix#operate(org.apache.commons.math.FieldElement[]):1257;0.0
org.apache.commons.math.linear$BlockFieldMatrix#operate(org.apache.commons.math.FieldElement[]):1258;0.0
org.apache.commons.math.linear$BlockFieldMatrix#operate(org.apache.commons.math.FieldElement[]):1260;0.0
org.apache.commons.math.linear$BlockFieldMatrix#operate(org.apache.commons.math.FieldElement[]):1261;0.0
org.apache.commons.math.linear$BlockFieldMatrix#operate(org.apache.commons.math.FieldElement[]):1263;0.0
org.apache.commons.math.linear$BlockFieldMatrix#operate(org.apache.commons.math.FieldElement[]):1268;0.0
org.apache.commons.math.linear$BlockFieldMatrix#preMultiply(org.apache.commons.math.FieldElement[]):1275;0.0
org.apache.commons.math.linear$BlockFieldMatrix#preMultiply(org.apache.commons.math.FieldElement[]):1276;0.0
org.apache.commons.math.linear$BlockFieldMatrix#preMultiply(org.apache.commons.math.FieldElement[]):1278;0.0
org.apache.commons.math.linear$BlockFieldMatrix#preMultiply(org.apache.commons.math.FieldElement[]):1279;0.0
org.apache.commons.math.linear$BlockFieldMatrix#preMultiply(org.apache.commons.math.FieldElement[]):1282;0.0
org.apache.commons.math.linear$BlockFieldMatrix#preMultiply(org.apache.commons.math.FieldElement[]):1283;0.0
org.apache.commons.math.linear$BlockFieldMatrix#preMultiply(org.apache.commons.math.FieldElement[]):1284;0.0
org.apache.commons.math.linear$BlockFieldMatrix#preMultiply(org.apache.commons.math.FieldElement[]):1285;0.0
org.apache.commons.math.linear$BlockFieldMatrix#preMultiply(org.apache.commons.math.FieldElement[]):1286;0.0
org.apache.commons.math.linear$BlockFieldMatrix#preMultiply(org.apache.commons.math.FieldElement[]):1287;0.0
org.apache.commons.math.linear$BlockFieldMatrix#preMultiply(org.apache.commons.math.FieldElement[]):1288;0.0
org.apache.commons.math.linear$BlockFieldMatrix#preMultiply(org.apache.commons.math.FieldElement[]):1289;0.0
org.apache.commons.math.linear$BlockFieldMatrix#preMultiply(org.apache.commons.math.FieldElement[]):1290;0.0
org.apache.commons.math.linear$BlockFieldMatrix#preMultiply(org.apache.commons.math.FieldElement[]):1291;0.0
org.apache.commons.math.linear$BlockFieldMatrix#preMultiply(org.apache.commons.math.FieldElement[]):1292;0.0
org.apache.commons.math.linear$BlockFieldMatrix#preMultiply(org.apache.commons.math.FieldElement[]):1293;0.0
org.apache.commons.math.linear$BlockFieldMatrix#preMultiply(org.apache.commons.math.FieldElement[]):1294;0.0
org.apache.commons.math.linear$BlockFieldMatrix#preMultiply(org.apache.commons.math.FieldElement[]):1295;0.0
org.apache.commons.math.linear$BlockFieldMatrix#preMultiply(org.apache.commons.math.FieldElement[]):1296;0.0
org.apache.commons.math.linear$BlockFieldMatrix#preMultiply(org.apache.commons.math.FieldElement[]):1297;0.0
org.apache.commons.math.linear$BlockFieldMatrix#preMultiply(org.apache.commons.math.FieldElement[]):1298;0.0
org.apache.commons.math.linear$BlockFieldMatrix#preMultiply(org.apache.commons.math.FieldElement[]):1303;0.0
org.apache.commons.math.linear$BlockFieldMatrix#preMultiply(org.apache.commons.math.FieldElement[]):1304;0.0
org.apache.commons.math.linear$BlockFieldMatrix#preMultiply(org.apache.commons.math.FieldElement[]):1306;0.0
org.apache.commons.math.linear$BlockFieldMatrix#preMultiply(org.apache.commons.math.FieldElement[]):1307;0.0
org.apache.commons.math.linear$BlockFieldMatrix#preMultiply(org.apache.commons.math.FieldElement[]):1308;0.0
org.apache.commons.math.linear$BlockFieldMatrix#preMultiply(org.apache.commons.math.FieldElement[]):1310;0.0
org.apache.commons.math.linear$BlockFieldMatrix#preMultiply(org.apache.commons.math.FieldElement[]):1315;0.0
org.apache.commons.math.linear$BlockFieldMatrix#walkInRowOrder(org.apache.commons.math.linear.FieldMatrixChangingVisitor):1321;0.0
org.apache.commons.math.linear$BlockFieldMatrix#walkInRowOrder(org.apache.commons.math.linear.FieldMatrixChangingVisitor):1322;0.0
org.apache.commons.math.linear$BlockFieldMatrix#walkInRowOrder(org.apache.commons.math.linear.FieldMatrixChangingVisitor):1323;0.0
org.apache.commons.math.linear$BlockFieldMatrix#walkInRowOrder(org.apache.commons.math.linear.FieldMatrixChangingVisitor):1324;0.0
org.apache.commons.math.linear$BlockFieldMatrix#walkInRowOrder(org.apache.commons.math.linear.FieldMatrixChangingVisitor):1325;0.0
org.apache.commons.math.linear$BlockFieldMatrix#walkInRowOrder(org.apache.commons.math.linear.FieldMatrixChangingVisitor):1326;0.0
org.apache.commons.math.linear$BlockFieldMatrix#walkInRowOrder(org.apache.commons.math.linear.FieldMatrixChangingVisitor):1327;0.0
org.apache.commons.math.linear$BlockFieldMatrix#walkInRowOrder(org.apache.commons.math.linear.FieldMatrixChangingVisitor):1328;0.0
org.apache.commons.math.linear$BlockFieldMatrix#walkInRowOrder(org.apache.commons.math.linear.FieldMatrixChangingVisitor):1329;0.0
org.apache.commons.math.linear$BlockFieldMatrix#walkInRowOrder(org.apache.commons.math.linear.FieldMatrixChangingVisitor):1330;0.0
org.apache.commons.math.linear$BlockFieldMatrix#walkInRowOrder(org.apache.commons.math.linear.FieldMatrixChangingVisitor):1331;0.0
org.apache.commons.math.linear$BlockFieldMatrix#walkInRowOrder(org.apache.commons.math.linear.FieldMatrixChangingVisitor):1332;0.0
org.apache.commons.math.linear$BlockFieldMatrix#walkInRowOrder(org.apache.commons.math.linear.FieldMatrixChangingVisitor):1333;0.0
org.apache.commons.math.linear$BlockFieldMatrix#walkInRowOrder(org.apache.commons.math.linear.FieldMatrixChangingVisitor):1334;0.0
org.apache.commons.math.linear$BlockFieldMatrix#walkInRowOrder(org.apache.commons.math.linear.FieldMatrixChangingVisitor):1339;0.0
org.apache.commons.math.linear$BlockFieldMatrix#walkInRowOrder(org.apache.commons.math.linear.FieldMatrixPreservingVisitor):1345;0.0
org.apache.commons.math.linear$BlockFieldMatrix#walkInRowOrder(org.apache.commons.math.linear.FieldMatrixPreservingVisitor):1346;0.0
org.apache.commons.math.linear$BlockFieldMatrix#walkInRowOrder(org.apache.commons.math.linear.FieldMatrixPreservingVisitor):1347;0.0
org.apache.commons.math.linear$BlockFieldMatrix#walkInRowOrder(org.apache.commons.math.linear.FieldMatrixPreservingVisitor):1348;0.0
org.apache.commons.math.linear$BlockFieldMatrix#walkInRowOrder(org.apache.commons.math.linear.FieldMatrixPreservingVisitor):1349;0.0
org.apache.commons.math.linear$BlockFieldMatrix#walkInRowOrder(org.apache.commons.math.linear.FieldMatrixPreservingVisitor):1350;0.0
org.apache.commons.math.linear$BlockFieldMatrix#walkInRowOrder(org.apache.commons.math.linear.FieldMatrixPreservingVisitor):1351;0.0
org.apache.commons.math.linear$BlockFieldMatrix#walkInRowOrder(org.apache.commons.math.linear.FieldMatrixPreservingVisitor):1352;0.0
org.apache.commons.math.linear$BlockFieldMatrix#walkInRowOrder(org.apache.commons.math.linear.FieldMatrixPreservingVisitor):1353;0.0
org.apache.commons.math.linear$BlockFieldMatrix#walkInRowOrder(org.apache.commons.math.linear.FieldMatrixPreservingVisitor):1354;0.0
org.apache.commons.math.linear$BlockFieldMatrix#walkInRowOrder(org.apache.commons.math.linear.FieldMatrixPreservingVisitor):1355;0.0
org.apache.commons.math.linear$BlockFieldMatrix#walkInRowOrder(org.apache.commons.math.linear.FieldMatrixPreservingVisitor):1356;0.0
org.apache.commons.math.linear$BlockFieldMatrix#walkInRowOrder(org.apache.commons.math.linear.FieldMatrixPreservingVisitor):1357;0.0
org.apache.commons.math.linear$BlockFieldMatrix#walkInRowOrder(org.apache.commons.math.linear.FieldMatrixPreservingVisitor):1358;0.0
org.apache.commons.math.linear$BlockFieldMatrix#walkInRowOrder(org.apache.commons.math.linear.FieldMatrixPreservingVisitor):1363;0.0
org.apache.commons.math.linear$BlockFieldMatrix#walkInRowOrder(org.apache.commons.math.linear.FieldMatrixChangingVisitor,int,int,int,int):1371;0.0
org.apache.commons.math.linear$BlockFieldMatrix#walkInRowOrder(org.apache.commons.math.linear.FieldMatrixChangingVisitor,int,int,int,int):1372;0.0
org.apache.commons.math.linear$BlockFieldMatrix#walkInRowOrder(org.apache.commons.math.linear.FieldMatrixChangingVisitor,int,int,int,int):1373;0.0
org.apache.commons.math.linear$BlockFieldMatrix#walkInRowOrder(org.apache.commons.math.linear.FieldMatrixChangingVisitor,int,int,int,int):1374;0.0
org.apache.commons.math.linear$BlockFieldMatrix#walkInRowOrder(org.apache.commons.math.linear.FieldMatrixChangingVisitor,int,int,int,int):1375;0.0
org.apache.commons.math.linear$BlockFieldMatrix#walkInRowOrder(org.apache.commons.math.linear.FieldMatrixChangingVisitor,int,int,int,int):1376;0.0
org.apache.commons.math.linear$BlockFieldMatrix#walkInRowOrder(org.apache.commons.math.linear.FieldMatrixChangingVisitor,int,int,int,int):1377;0.0
org.apache.commons.math.linear$BlockFieldMatrix#walkInRowOrder(org.apache.commons.math.linear.FieldMatrixChangingVisitor,int,int,int,int):1378;0.0
org.apache.commons.math.linear$BlockFieldMatrix#walkInRowOrder(org.apache.commons.math.linear.FieldMatrixChangingVisitor,int,int,int,int):1379;0.0
org.apache.commons.math.linear$BlockFieldMatrix#walkInRowOrder(org.apache.commons.math.linear.FieldMatrixChangingVisitor,int,int,int,int):1380;0.0
org.apache.commons.math.linear$BlockFieldMatrix#walkInRowOrder(org.apache.commons.math.linear.FieldMatrixChangingVisitor,int,int,int,int):1381;0.0
org.apache.commons.math.linear$BlockFieldMatrix#walkInRowOrder(org.apache.commons.math.linear.FieldMatrixChangingVisitor,int,int,int,int):1382;0.0
org.apache.commons.math.linear$BlockFieldMatrix#walkInRowOrder(org.apache.commons.math.linear.FieldMatrixChangingVisitor,int,int,int,int):1383;0.0
org.apache.commons.math.linear$BlockFieldMatrix#walkInRowOrder(org.apache.commons.math.linear.FieldMatrixChangingVisitor,int,int,int,int):1384;0.0
org.apache.commons.math.linear$BlockFieldMatrix#walkInRowOrder(org.apache.commons.math.linear.FieldMatrixChangingVisitor,int,int,int,int):1385;0.0
org.apache.commons.math.linear$BlockFieldMatrix#walkInRowOrder(org.apache.commons.math.linear.FieldMatrixChangingVisitor,int,int,int,int):1386;0.0
org.apache.commons.math.linear$BlockFieldMatrix#walkInRowOrder(org.apache.commons.math.linear.FieldMatrixChangingVisitor,int,int,int,int):1387;0.0
org.apache.commons.math.linear$BlockFieldMatrix#walkInRowOrder(org.apache.commons.math.linear.FieldMatrixChangingVisitor,int,int,int,int):1392;0.0
org.apache.commons.math.linear$BlockFieldMatrix#walkInRowOrder(org.apache.commons.math.linear.FieldMatrixPreservingVisitor,int,int,int,int):1400;0.0
org.apache.commons.math.linear$BlockFieldMatrix#walkInRowOrder(org.apache.commons.math.linear.FieldMatrixPreservingVisitor,int,int,int,int):1401;0.0
org.apache.commons.math.linear$BlockFieldMatrix#walkInRowOrder(org.apache.commons.math.linear.FieldMatrixPreservingVisitor,int,int,int,int):1402;0.0
org.apache.commons.math.linear$BlockFieldMatrix#walkInRowOrder(org.apache.commons.math.linear.FieldMatrixPreservingVisitor,int,int,int,int):1403;0.0
org.apache.commons.math.linear$BlockFieldMatrix#walkInRowOrder(org.apache.commons.math.linear.FieldMatrixPreservingVisitor,int,int,int,int):1404;0.0
org.apache.commons.math.linear$BlockFieldMatrix#walkInRowOrder(org.apache.commons.math.linear.FieldMatrixPreservingVisitor,int,int,int,int):1405;0.0
org.apache.commons.math.linear$BlockFieldMatrix#walkInRowOrder(org.apache.commons.math.linear.FieldMatrixPreservingVisitor,int,int,int,int):1406;0.0
org.apache.commons.math.linear$BlockFieldMatrix#walkInRowOrder(org.apache.commons.math.linear.FieldMatrixPreservingVisitor,int,int,int,int):1407;0.0
org.apache.commons.math.linear$BlockFieldMatrix#walkInRowOrder(org.apache.commons.math.linear.FieldMatrixPreservingVisitor,int,int,int,int):1408;0.0
org.apache.commons.math.linear$BlockFieldMatrix#walkInRowOrder(org.apache.commons.math.linear.FieldMatrixPreservingVisitor,int,int,int,int):1409;0.0
org.apache.commons.math.linear$BlockFieldMatrix#walkInRowOrder(org.apache.commons.math.linear.FieldMatrixPreservingVisitor,int,int,int,int):1410;0.0
org.apache.commons.math.linear$BlockFieldMatrix#walkInRowOrder(org.apache.commons.math.linear.FieldMatrixPreservingVisitor,int,int,int,int):1411;0.0
org.apache.commons.math.linear$BlockFieldMatrix#walkInRowOrder(org.apache.commons.math.linear.FieldMatrixPreservingVisitor,int,int,int,int):1412;0.0
org.apache.commons.math.linear$BlockFieldMatrix#walkInRowOrder(org.apache.commons.math.linear.FieldMatrixPreservingVisitor,int,int,int,int):1413;0.0
org.apache.commons.math.linear$BlockFieldMatrix#walkInRowOrder(org.apache.commons.math.linear.FieldMatrixPreservingVisitor,int,int,int,int):1414;0.0
org.apache.commons.math.linear$BlockFieldMatrix#walkInRowOrder(org.apache.commons.math.linear.FieldMatrixPreservingVisitor,int,int,int,int):1415;0.0
org.apache.commons.math.linear$BlockFieldMatrix#walkInRowOrder(org.apache.commons.math.linear.FieldMatrixPreservingVisitor,int,int,int,int):1416;0.0
org.apache.commons.math.linear$BlockFieldMatrix#walkInRowOrder(org.apache.commons.math.linear.FieldMatrixPreservingVisitor,int,int,int,int):1421;0.0
org.apache.commons.math.linear$BlockFieldMatrix#walkInOptimizedOrder(org.apache.commons.math.linear.FieldMatrixChangingVisitor):1427;0.0
org.apache.commons.math.linear$BlockFieldMatrix#walkInOptimizedOrder(org.apache.commons.math.linear.FieldMatrixChangingVisitor):1428;0.0
org.apache.commons.math.linear$BlockFieldMatrix#walkInOptimizedOrder(org.apache.commons.math.linear.FieldMatrixChangingVisitor):1429;0.0
org.apache.commons.math.linear$BlockFieldMatrix#walkInOptimizedOrder(org.apache.commons.math.linear.FieldMatrixChangingVisitor):1430;0.0
org.apache.commons.math.linear$BlockFieldMatrix#walkInOptimizedOrder(org.apache.commons.math.linear.FieldMatrixChangingVisitor):1431;0.0
org.apache.commons.math.linear$BlockFieldMatrix#walkInOptimizedOrder(org.apache.commons.math.linear.FieldMatrixChangingVisitor):1432;0.0
org.apache.commons.math.linear$BlockFieldMatrix#walkInOptimizedOrder(org.apache.commons.math.linear.FieldMatrixChangingVisitor):1433;0.0
org.apache.commons.math.linear$BlockFieldMatrix#walkInOptimizedOrder(org.apache.commons.math.linear.FieldMatrixChangingVisitor):1434;0.0
org.apache.commons.math.linear$BlockFieldMatrix#walkInOptimizedOrder(org.apache.commons.math.linear.FieldMatrixChangingVisitor):1435;0.0
org.apache.commons.math.linear$BlockFieldMatrix#walkInOptimizedOrder(org.apache.commons.math.linear.FieldMatrixChangingVisitor):1436;0.0
org.apache.commons.math.linear$BlockFieldMatrix#walkInOptimizedOrder(org.apache.commons.math.linear.FieldMatrixChangingVisitor):1437;0.0
org.apache.commons.math.linear$BlockFieldMatrix#walkInOptimizedOrder(org.apache.commons.math.linear.FieldMatrixChangingVisitor):1438;0.0
org.apache.commons.math.linear$BlockFieldMatrix#walkInOptimizedOrder(org.apache.commons.math.linear.FieldMatrixChangingVisitor):1439;0.0
org.apache.commons.math.linear$BlockFieldMatrix#walkInOptimizedOrder(org.apache.commons.math.linear.FieldMatrixChangingVisitor):1440;0.0
org.apache.commons.math.linear$BlockFieldMatrix#walkInOptimizedOrder(org.apache.commons.math.linear.FieldMatrixChangingVisitor):1443;0.0
org.apache.commons.math.linear$BlockFieldMatrix#walkInOptimizedOrder(org.apache.commons.math.linear.FieldMatrixChangingVisitor):1446;0.0
org.apache.commons.math.linear$BlockFieldMatrix#walkInOptimizedOrder(org.apache.commons.math.linear.FieldMatrixPreservingVisitor):1452;0.0
org.apache.commons.math.linear$BlockFieldMatrix#walkInOptimizedOrder(org.apache.commons.math.linear.FieldMatrixPreservingVisitor):1453;0.0
org.apache.commons.math.linear$BlockFieldMatrix#walkInOptimizedOrder(org.apache.commons.math.linear.FieldMatrixPreservingVisitor):1454;0.0
org.apache.commons.math.linear$BlockFieldMatrix#walkInOptimizedOrder(org.apache.commons.math.linear.FieldMatrixPreservingVisitor):1455;0.0
org.apache.commons.math.linear$BlockFieldMatrix#walkInOptimizedOrder(org.apache.commons.math.linear.FieldMatrixPreservingVisitor):1456;0.0
org.apache.commons.math.linear$BlockFieldMatrix#walkInOptimizedOrder(org.apache.commons.math.linear.FieldMatrixPreservingVisitor):1457;0.0
org.apache.commons.math.linear$BlockFieldMatrix#walkInOptimizedOrder(org.apache.commons.math.linear.FieldMatrixPreservingVisitor):1458;0.0
org.apache.commons.math.linear$BlockFieldMatrix#walkInOptimizedOrder(org.apache.commons.math.linear.FieldMatrixPreservingVisitor):1459;0.0
org.apache.commons.math.linear$BlockFieldMatrix#walkInOptimizedOrder(org.apache.commons.math.linear.FieldMatrixPreservingVisitor):1460;0.0
org.apache.commons.math.linear$BlockFieldMatrix#walkInOptimizedOrder(org.apache.commons.math.linear.FieldMatrixPreservingVisitor):1461;0.0
org.apache.commons.math.linear$BlockFieldMatrix#walkInOptimizedOrder(org.apache.commons.math.linear.FieldMatrixPreservingVisitor):1462;0.0
org.apache.commons.math.linear$BlockFieldMatrix#walkInOptimizedOrder(org.apache.commons.math.linear.FieldMatrixPreservingVisitor):1463;0.0
org.apache.commons.math.linear$BlockFieldMatrix#walkInOptimizedOrder(org.apache.commons.math.linear.FieldMatrixPreservingVisitor):1464;0.0
org.apache.commons.math.linear$BlockFieldMatrix#walkInOptimizedOrder(org.apache.commons.math.linear.FieldMatrixPreservingVisitor):1465;0.0
org.apache.commons.math.linear$BlockFieldMatrix#walkInOptimizedOrder(org.apache.commons.math.linear.FieldMatrixPreservingVisitor):1468;0.0
org.apache.commons.math.linear$BlockFieldMatrix#walkInOptimizedOrder(org.apache.commons.math.linear.FieldMatrixPreservingVisitor):1471;0.0
org.apache.commons.math.linear$BlockFieldMatrix#walkInOptimizedOrder(org.apache.commons.math.linear.FieldMatrixChangingVisitor,int,int,int,int):1479;0.0
org.apache.commons.math.linear$BlockFieldMatrix#walkInOptimizedOrder(org.apache.commons.math.linear.FieldMatrixChangingVisitor,int,int,int,int):1480;0.0
org.apache.commons.math.linear$BlockFieldMatrix#walkInOptimizedOrder(org.apache.commons.math.linear.FieldMatrixChangingVisitor,int,int,int,int):1481;0.0
org.apache.commons.math.linear$BlockFieldMatrix#walkInOptimizedOrder(org.apache.commons.math.linear.FieldMatrixChangingVisitor,int,int,int,int):1482;0.0
org.apache.commons.math.linear$BlockFieldMatrix#walkInOptimizedOrder(org.apache.commons.math.linear.FieldMatrixChangingVisitor,int,int,int,int):1483;0.0
org.apache.commons.math.linear$BlockFieldMatrix#walkInOptimizedOrder(org.apache.commons.math.linear.FieldMatrixChangingVisitor,int,int,int,int):1484;0.0
org.apache.commons.math.linear$BlockFieldMatrix#walkInOptimizedOrder(org.apache.commons.math.linear.FieldMatrixChangingVisitor,int,int,int,int):1485;0.0
org.apache.commons.math.linear$BlockFieldMatrix#walkInOptimizedOrder(org.apache.commons.math.linear.FieldMatrixChangingVisitor,int,int,int,int):1486;0.0
org.apache.commons.math.linear$BlockFieldMatrix#walkInOptimizedOrder(org.apache.commons.math.linear.FieldMatrixChangingVisitor,int,int,int,int):1487;0.0
org.apache.commons.math.linear$BlockFieldMatrix#walkInOptimizedOrder(org.apache.commons.math.linear.FieldMatrixChangingVisitor,int,int,int,int):1488;0.0
org.apache.commons.math.linear$BlockFieldMatrix#walkInOptimizedOrder(org.apache.commons.math.linear.FieldMatrixChangingVisitor,int,int,int,int):1489;0.0
org.apache.commons.math.linear$BlockFieldMatrix#walkInOptimizedOrder(org.apache.commons.math.linear.FieldMatrixChangingVisitor,int,int,int,int):1490;0.0
org.apache.commons.math.linear$BlockFieldMatrix#walkInOptimizedOrder(org.apache.commons.math.linear.FieldMatrixChangingVisitor,int,int,int,int):1491;0.0
org.apache.commons.math.linear$BlockFieldMatrix#walkInOptimizedOrder(org.apache.commons.math.linear.FieldMatrixChangingVisitor,int,int,int,int):1492;0.0
org.apache.commons.math.linear$BlockFieldMatrix#walkInOptimizedOrder(org.apache.commons.math.linear.FieldMatrixChangingVisitor,int,int,int,int):1493;0.0
org.apache.commons.math.linear$BlockFieldMatrix#walkInOptimizedOrder(org.apache.commons.math.linear.FieldMatrixChangingVisitor,int,int,int,int):1494;0.0
org.apache.commons.math.linear$BlockFieldMatrix#walkInOptimizedOrder(org.apache.commons.math.linear.FieldMatrixChangingVisitor,int,int,int,int):1495;0.0
org.apache.commons.math.linear$BlockFieldMatrix#walkInOptimizedOrder(org.apache.commons.math.linear.FieldMatrixChangingVisitor,int,int,int,int):1500;0.0
org.apache.commons.math.linear$BlockFieldMatrix#walkInOptimizedOrder(org.apache.commons.math.linear.FieldMatrixPreservingVisitor,int,int,int,int):1508;0.0
org.apache.commons.math.linear$BlockFieldMatrix#walkInOptimizedOrder(org.apache.commons.math.linear.FieldMatrixPreservingVisitor,int,int,int,int):1509;0.0
org.apache.commons.math.linear$BlockFieldMatrix#walkInOptimizedOrder(org.apache.commons.math.linear.FieldMatrixPreservingVisitor,int,int,int,int):1510;0.0
org.apache.commons.math.linear$BlockFieldMatrix#walkInOptimizedOrder(org.apache.commons.math.linear.FieldMatrixPreservingVisitor,int,int,int,int):1511;0.0
org.apache.commons.math.linear$BlockFieldMatrix#walkInOptimizedOrder(org.apache.commons.math.linear.FieldMatrixPreservingVisitor,int,int,int,int):1512;0.0
org.apache.commons.math.linear$BlockFieldMatrix#walkInOptimizedOrder(org.apache.commons.math.linear.FieldMatrixPreservingVisitor,int,int,int,int):1513;0.0
org.apache.commons.math.linear$BlockFieldMatrix#walkInOptimizedOrder(org.apache.commons.math.linear.FieldMatrixPreservingVisitor,int,int,int,int):1514;0.0
org.apache.commons.math.linear$BlockFieldMatrix#walkInOptimizedOrder(org.apache.commons.math.linear.FieldMatrixPreservingVisitor,int,int,int,int):1515;0.0
org.apache.commons.math.linear$BlockFieldMatrix#walkInOptimizedOrder(org.apache.commons.math.linear.FieldMatrixPreservingVisitor,int,int,int,int):1516;0.0
org.apache.commons.math.linear$BlockFieldMatrix#walkInOptimizedOrder(org.apache.commons.math.linear.FieldMatrixPreservingVisitor,int,int,int,int):1517;0.0
org.apache.commons.math.linear$BlockFieldMatrix#walkInOptimizedOrder(org.apache.commons.math.linear.FieldMatrixPreservingVisitor,int,int,int,int):1518;0.0
org.apache.commons.math.linear$BlockFieldMatrix#walkInOptimizedOrder(org.apache.commons.math.linear.FieldMatrixPreservingVisitor,int,int,int,int):1519;0.0
org.apache.commons.math.linear$BlockFieldMatrix#walkInOptimizedOrder(org.apache.commons.math.linear.FieldMatrixPreservingVisitor,int,int,int,int):1520;0.0
org.apache.commons.math.linear$BlockFieldMatrix#walkInOptimizedOrder(org.apache.commons.math.linear.FieldMatrixPreservingVisitor,int,int,int,int):1521;0.0
org.apache.commons.math.linear$BlockFieldMatrix#walkInOptimizedOrder(org.apache.commons.math.linear.FieldMatrixPreservingVisitor,int,int,int,int):1522;0.0
org.apache.commons.math.linear$BlockFieldMatrix#walkInOptimizedOrder(org.apache.commons.math.linear.FieldMatrixPreservingVisitor,int,int,int,int):1523;0.0
org.apache.commons.math.linear$BlockFieldMatrix#walkInOptimizedOrder(org.apache.commons.math.linear.FieldMatrixPreservingVisitor,int,int,int,int):1524;0.0
org.apache.commons.math.linear$BlockFieldMatrix#walkInOptimizedOrder(org.apache.commons.math.linear.FieldMatrixPreservingVisitor,int,int,int,int):1529;0.0
org.apache.commons.math.linear$BlockFieldMatrix#blockHeight(int):1538;0.0
org.apache.commons.math.linear$BlockFieldMatrix#blockWidth(int):1547;0.0
